  0.127354E-04  0.204274E+08  0.204274E+08  0.272122E+08  0.272121E+08  0.000000E+00  0.204274E+08
  0.131680E-04  0.197579E+08  0.197579E+08  0.263186E+08  0.263185E+08  0.000000E+00  0.197579E+08
  0.136302E-04  0.191119E+08  0.191119E+08  0.254563E+08  0.254563E+08  0.000000E+00  0.191119E+08
  0.141234E-04  0.184912E+08  0.184912E+08  0.246278E+08  0.246277E+08  0.000000E+00  0.184912E+08
  0.146491E-04  0.178974E+08  0.178974E+08  0.238349E+08  0.238349E+08  0.000000E+00  0.178974E+08
  0.152091E-04  0.173315E+08  0.173315E+08  0.230791E+08  0.230791E+08  0.000000E+00  0.173315E+08
  0.158048E-04  0.167942E+08  0.167942E+08  0.223614E+08  0.223613E+08  0.000000E+00  0.167942E+08
  0.164381E-04  0.162859E+08  0.162859E+08  0.216821E+08  0.216820E+08  0.000000E+00  0.162859E+08
  0.171108E-04  0.158066E+08  0.158066E+08  0.210413E+08  0.210413E+08  0.000000E+00  0.158066E+08
  0.178247E-04  0.153561E+08  0.153561E+08  0.204388E+08  0.204387E+08  0.000000E+00  0.153561E+08
  0.185818E-04  0.149339E+08  0.149339E+08  0.198738E+08  0.198738E+08  0.000000E+00  0.149339E+08
  0.193842E-04  0.145394E+08  0.145394E+08  0.193455E+08  0.193455E+08  0.000000E+00  0.145394E+08
  0.202340E-04  0.141716E+08  0.141716E+08  0.188528E+08  0.188527E+08  0.000000E+00  0.141716E+08
  0.211334E-04  0.138297E+08  0.138297E+08  0.183941E+08  0.183940E+08  0.000000E+00  0.138297E+08
  0.220849E-04  0.135125E+08  0.135125E+08  0.179682E+08  0.179681E+08  0.000000E+00  0.135125E+08
  0.230909E-04  0.132189E+08  0.132189E+08  0.175733E+08  0.175732E+08  0.000000E+00  0.132189E+08
  0.241539E-04  0.129476E+08  0.129476E+08  0.172078E+08  0.172077E+08  0.000000E+00  0.129476E+08
  0.252769E-04  0.126974E+08  0.126974E+08  0.168701E+08  0.168700E+08  0.000000E+00  0.126974E+08
  0.264625E-04  0.124670E+08  0.124670E+08  0.165584E+08  0.165583E+08  0.000000E+00  0.124670E+08
  0.277139E-04  0.122552E+08  0.122552E+08  0.162710E+08  0.162708E+08  0.000000E+00  0.122552E+08
  0.290343E-04  0.120607E+08  0.120607E+08  0.160062E+08  0.160060E+08  0.000000E+00  0.120607E+08
  0.304269E-04  0.118825E+08  0.118825E+08  0.157623E+08  0.157622E+08  0.000000E+00  0.118825E+08
  0.318953E-04  0.117192E+08  0.117192E+08  0.155379E+08  0.155377E+08  0.000000E+00  0.117192E+08
  0.334432E-04  0.115698E+08  0.115698E+08  0.153312E+08  0.153311E+08  0.000000E+00  0.115698E+08
  0.350746E-04  0.114333E+08  0.114333E+08  0.151410E+08  0.151408E+08  0.000000E+00  0.114333E+08
  0.367935E-04  0.113087E+08  0.113087E+08  0.149657E+08  0.149655E+08  0.000000E+00  0.113087E+08
  0.386042E-04  0.111949E+08  0.111949E+08  0.148040E+08  0.148038E+08  0.000000E+00  0.111949E+08
  0.405114E-04  0.110913E+08  0.110913E+08  0.146547E+08  0.146544E+08  0.000000E+00  0.110913E+08
  0.425197E-04  0.109968E+08  0.109968E+08  0.145165E+08  0.145162E+08  0.000000E+00  0.109968E+08
  0.446342E-04  0.109108E+08  0.109108E+08  0.143883E+08  0.143880E+08  0.000000E+00  0.109108E+08
  0.468603E-04  0.108326E+08  0.108326E+08  0.142690E+08  0.142686E+08  0.000000E+00  0.108326E+08
  0.492034E-04  0.107614E+08  0.107614E+08  0.141576E+08  0.141572E+08  0.000000E+00  0.107614E+08
  0.516696E-04  0.106967E+08  0.106967E+08  0.140531E+08  0.140527E+08  0.000000E+00  0.106967E+08
  0.542648E-04  0.106380E+08  0.106380E+08  0.139546E+08  0.139542E+08  0.000000E+00  0.106380E+08
  0.569957E-04  0.105846E+08  0.105846E+08  0.138612E+08  0.138607E+08  0.000000E+00  0.105846E+08
  0.598691E-04  0.105361E+08  0.105361E+08  0.137721E+08  0.137715E+08  0.000000E+00  0.105361E+08
  0.628922E-04  0.104921E+08  0.104921E+08  0.136864E+08  0.136858E+08  0.000000E+00  0.104921E+08
  0.660725E-04  0.104521E+08  0.104521E+08  0.136033E+08  0.136026E+08  0.000000E+00  0.104521E+08
  0.694180E-04  0.104159E+08  0.104159E+08  0.135221E+08  0.135214E+08  0.000000E+00  0.104159E+08
  0.729370E-04  0.103830E+08  0.103830E+08  0.134420E+08  0.134412E+08  0.000000E+00  0.103830E+08
  0.766384E-04  0.103532E+08  0.103532E+08  0.133623E+08  0.133615E+08  0.000000E+00  0.103532E+08
  0.805314E-04  0.103261E+08  0.103261E+08  0.132822E+08  0.132813E+08  0.000000E+00  0.103261E+08
  0.846258E-04  0.103016E+08  0.103016E+08  0.132011E+08  0.132000E+08  0.000000E+00  0.103016E+08
  0.889318E-04  0.102794E+08  0.102794E+08  0.131180E+08  0.131169E+08  0.000000E+00  0.102794E+08
  0.934601E-04  0.102592E+08  0.102592E+08  0.130324E+08  0.130311E+08  0.000000E+00  0.102592E+08
  0.982221E-04  0.102410E+08  0.102410E+08  0.129433E+08  0.129420E+08  0.000000E+00  0.102410E+08
  0.103230E-03  0.102244E+08  0.102244E+08  0.128501E+08  0.128486E+08  0.000000E+00  0.102244E+08
  0.108495E-03  0.102094E+08  0.102094E+08  0.127519E+08  0.127503E+08  0.000000E+00  0.102094E+08
  0.114033E-03  0.101957E+08  0.101957E+08  0.126478E+08  0.126461E+08  0.000000E+00  0.101957E+08
  0.119855E-03  0.101834E+08  0.101834E+08  0.125370E+08  0.125351E+08  0.000000E+00  0.101834E+08
  0.125977E-03  0.101722E+08  0.101722E+08  0.124186E+08  0.124165E+08  0.000000E+00  0.101722E+08
  0.132413E-03  0.101620E+08  0.101620E+08  0.122916E+08  0.122893E+08  0.000000E+00  0.101620E+08
  0.139181E-03  0.101527E+08  0.101527E+08  0.121551E+08  0.121526E+08  0.000000E+00  0.101527E+08
  0.146297E-03  0.101443E+08  0.101443E+08  0.120079E+08  0.120052E+08  0.000000E+00  0.101443E+08
  0.153779E-03  0.101367E+08  0.101367E+08  0.118491E+08  0.118462E+08  0.000000E+00  0.101367E+08
  0.161645E-03  0.101297E+08  0.101297E+08  0.116776E+08  0.116744E+08  0.000000E+00  0.101297E+08
  0.169916E-03  0.101234E+08  0.101234E+08  0.114922E+08  0.114887E+08  0.000000E+00  0.101234E+08
  0.178611E-03  0.101176E+08  0.101176E+08  0.112918E+08  0.112881E+08  0.000000E+00  0.101176E+08
  0.187753E-03  0.101123E+08  0.101123E+08  0.110753E+08  0.110713E+08  0.000000E+00  0.101123E+08
  0.197365E-03  0.101075E+08  0.101075E+08  0.108416E+08  0.108372E+08  0.000000E+00  0.101075E+08
  0.207470E-03  0.101031E+08  0.101031E+08  0.105894E+08  0.105848E+08  0.000000E+00  0.101031E+08
  0.218094E-03  0.100990E+08  0.100990E+08  0.103179E+08  0.103130E+08  0.000000E+00  0.100990E+08
  0.229263E-03  0.100952E+08  0.100952E+08  0.100261E+08  0.100208E+08  0.000000E+00  0.100952E+08
  0.241005E-03  0.100918E+08  0.100918E+08  0.971299E+07  0.970745E+07  0.000000E+00  0.100918E+08
  0.253350E-03  0.100885E+08  0.100885E+08  0.937805E+07  0.937223E+07  0.000000E+00  0.100885E+08
  0.266329E-03  0.100855E+08  0.100855E+08  0.902080E+07  0.901471E+07  0.000000E+00  0.100855E+08
  0.279973E-03  0.100826E+08  0.100826E+08  0.864106E+07  0.863473E+07  0.000000E+00  0.100826E+08
  0.294318E-03  0.100799E+08  0.100799E+08  0.823900E+07  0.823248E+07  0.000000E+00  0.100799E+08
  0.309399E-03  0.100774E+08  0.100774E+08  0.781522E+07  0.780856E+07  0.000000E+00  0.100774E+08
  0.325253E-03  0.100749E+08  0.100749E+08  0.737080E+07  0.736406E+07  0.000000E+00  0.100749E+08
  0.341920E-03  0.100725E+08  0.100725E+08  0.690739E+07  0.690066E+07  0.000000E+00  0.100725E+08
  0.359443E-03  0.100702E+08  0.100702E+08  0.642732E+07  0.642068E+07  0.000000E+00  0.100702E+08
  0.377864E-03  0.100679E+08  0.100679E+08  0.593360E+07  0.592717E+07  0.000000E+00  0.100679E+08
  0.397230E-03  0.100656E+08  0.100656E+08  0.543006E+07  0.542396E+07  0.000000E+00  0.100656E+08
  0.417590E-03  0.100634E+08  0.100634E+08  0.492132E+07  0.491567E+07  0.000000E+00  0.100634E+08
  0.438993E-03  0.100611E+08  0.100611E+08  0.441279E+07  0.440774E+07  0.000000E+00  0.100611E+08
  0.461495E-03  0.100587E+08  0.100587E+08  0.391066E+07  0.390633E+07  0.000000E+00  0.100587E+08
  0.485150E-03  0.100563E+08  0.100563E+08  0.342175E+07  0.341827E+07  0.000000E+00  0.100563E+08
  0.510018E-03  0.100538E+08  0.100538E+08  0.295333E+07  0.295081E+07  0.000000E+00  0.100538E+08
  0.536162E-03  0.100512E+08  0.100512E+08  0.251283E+07  0.251134E+07  0.000000E+00  0.100512E+08
  0.563647E-03  0.100485E+08  0.100485E+08  0.210750E+07  0.210708E+07  0.000000E+00  0.100485E+08
  0.592540E-03  0.100457E+08  0.100457E+08  0.174395E+07  0.174457E+07  0.000000E+00  0.100457E+08
  0.622916E-03  0.100427E+08  0.100426E+08  0.142757E+07  0.142913E+07  0.000000E+00  0.100427E+08
  0.654849E-03  0.100395E+08  0.100395E+08  0.116203E+07  0.116434E+07  0.000000E+00  0.100395E+08
  0.688420E-03  0.100361E+08  0.100361E+08  0.948642E+06  0.951476E+06  0.000000E+00  0.100361E+08
  0.723712E-03  0.100325E+08  0.100324E+08  0.785985E+06  0.789018E+06  0.000000E+00  0.100325E+08
  0.760813E-03  0.100286E+08  0.100286E+08  0.669588E+06  0.672461E+06  0.000000E+00  0.100286E+08
  0.799817E-03  0.100245E+08  0.100245E+08  0.591995E+06  0.594344E+06  0.000000E+00  0.100245E+08
  0.840821E-03  0.100201E+08  0.100200E+08  0.543229E+06  0.544734E+06  0.000000E+00  0.100201E+08
  0.883928E-03  0.100154E+08  0.100153E+08  0.511724E+06  0.512164E+06  0.000000E+00  0.100154E+08
  0.929245E-03  0.100103E+08  0.100102E+08  0.485732E+06  0.485038E+06  0.000000E+00  0.100103E+08
  0.976885E-03  0.100049E+08  0.100048E+08  0.455051E+06  0.453338E+06  0.000000E+00  0.100048E+08
  0.102697E-02  0.999902E+07  0.999895E+07  0.412816E+06  0.410378E+06  0.000000E+00  0.999901E+07
  0.107962E-02  0.999276E+07  0.999268E+07  0.356909E+06  0.354163E+06  0.000000E+00  0.999274E+07
  0.113497E-02  0.998604E+07  0.998596E+07  0.290512E+06  0.287885E+06  0.000000E+00  0.998602E+07
  0.119316E-02  0.997882E+07  0.997873E+07  0.221336E+06  0.219117E+06  0.000000E+00  0.997881E+07
  0.125433E-02  0.997108E+07  0.997098E+07  0.159399E+06  0.157594E+06  0.000000E+00  0.997107E+07
  0.131864E-02  0.996278E+07  0.996267E+07  0.113662E+06  0.111917E+06  0.000000E+00  0.996276E+07
  0.138625E-02  0.995387E+07  0.995375E+07  0.884958E+05  0.861741E+05  0.000000E+00  0.995385E+07
  0.145732E-02  0.994431E+07  0.994418E+07  0.814401E+05  0.778696E+05  0.000000E+00  0.994429E+07
  0.153203E-02  0.993407E+07  0.993392E+07  0.000000E+00  0.000000E+00  0.000000E+00  0.993404E+07
  0.161058E-02  0.992309E+07  0.992293E+07  0.000000E+00  0.000000E+00  0.000000E+00  0.992306E+07
  0.169316E-02  0.991133E+07  0.991115E+07  0.000000E+00  0.000000E+00  0.000000E+00  0.991130E+07
  0.177996E-02  0.989874E+07  0.989854E+07  0.000000E+00  0.000000E+00  0.000000E+00  0.989871E+07
  0.187122E-02  0.988526E+07  0.988505E+07  0.000000E+00  0.000000E+00  0.000000E+00  0.988523E+07
  0.196716E-02  0.987085E+07  0.987061E+07  0.000000E+00  0.000000E+00  0.000000E+00  0.987081E+07
  0.206802E-02  0.985544E+07  0.985517E+07  0.000000E+00  0.000000E+00  0.000000E+00  0.985539E+07
  0.217405E-02  0.983897E+07  0.983868E+07  0.000000E+00  0.000000E+00  0.000000E+00  0.983892E+07
  0.228551E-02  0.982138E+07  0.982106E+07  0.000000E+00  0.000000E+00  0.000000E+00  0.982132E+07
  0.240269E-02  0.980260E+07  0.980225E+07  0.000000E+00  0.000000E+00  0.000000E+00  0.980254E+07
  0.252588E-02  0.978258E+07  0.978219E+07  0.000000E+00  0.000000E+00  0.000000E+00  0.978251E+07
  0.265538E-02  0.976123E+07  0.976079E+07  0.000000E+00  0.000000E+00  0.000000E+00  0.976115E+07
  0.279153E-02  0.973848E+07  0.973800E+07  0.000000E+00  0.000000E+00  0.000000E+00  0.973840E+07
  0.293465E-02  0.971426E+07  0.971373E+07  0.000000E+00  0.000000E+00  0.000000E+00  0.971417E+07
  0.308511E-02  0.968848E+07  0.968790E+07  0.000000E+00  0.000000E+00  0.000000E+00  0.968838E+07
  0.324329E-02  0.966107E+07  0.966043E+07  0.000000E+00  0.000000E+00  0.000000E+00  0.966096E+07
  0.340957E-02  0.963193E+07  0.963123E+07  0.000000E+00  0.000000E+00  0.000000E+00  0.963181E+07
  0.358438E-02  0.960098E+07  0.960021E+07  0.000000E+00  0.000000E+00  0.000000E+00  0.960085E+07
  0.376816E-02  0.956813E+07  0.956728E+07  0.000000E+00  0.000000E+00  0.000000E+00  0.956799E+07
  0.396136E-02  0.953328E+07  0.953234E+07  0.000000E+00  0.000000E+00  0.000000E+00  0.953313E+07
  0.416446E-02  0.949633E+07  0.949530E+07  0.000000E+00  0.000000E+00  0.000000E+00  0.949616E+07
  0.437797E-02  0.945719E+07  0.945604E+07  0.000000E+00  0.000000E+00  0.000000E+00  0.945699E+07
  0.460244E-02  0.941573E+07  0.941447E+07  0.000000E+00  0.000000E+00  0.000000E+00  0.941552E+07
  0.483841E-02  0.937186E+07  0.937047E+07  0.000000E+00  0.000000E+00  0.000000E+00  0.937162E+07
  0.508648E-02  0.932545E+07  0.932393E+07  0.000000E+00  0.000000E+00  0.000000E+00  0.932520E+07
  0.534727E-02  0.927640E+07  0.927472E+07  0.000000E+00  0.000000E+00  0.000000E+00  0.927612E+07
  0.562143E-02  0.922458E+07  0.922273E+07  0.000000E+00  0.000000E+00  0.000000E+00  0.922427E+07
  0.590964E-02  0.916986E+07  0.916783E+07  0.000000E+00  0.000000E+00  0.000000E+00  0.916952E+07
  0.621264E-02  0.911212E+07  0.910989E+07  0.000000E+00  0.000000E+00  0.000000E+00  0.911175E+07
  0.653116E-02  0.905122E+07  0.904876E+07  0.000000E+00  0.000000E+00  0.000000E+00  0.905081E+07
  0.686602E-02  0.898701E+07  0.898432E+07  0.000000E+00  0.000000E+00  0.000000E+00  0.898656E+07
  0.721805E-02  0.891937E+07  0.891641E+07  0.000000E+00  0.000000E+00  0.000000E+00  0.891887E+07
  0.758813E-02  0.884813E+07  0.884488E+07  0.000000E+00  0.000000E+00  0.000000E+00  0.884758E+07
  0.797718E-02  0.877314E+07  0.876957E+07  0.000000E+00  0.000000E+00  0.000000E+00  0.877254E+07
  0.838618E-02  0.869424E+07  0.869034E+07  0.000000E+00  0.000000E+00  0.000000E+00  0.869359E+07
  0.881615E-02  0.861128E+07  0.860700E+07  0.000000E+00  0.000000E+00  0.000000E+00  0.861056E+07
  0.926816E-02  0.852408E+07  0.851939E+07  0.000000E+00  0.000000E+00  0.000000E+00  0.852329E+07
  0.974335E-02  0.843247E+07  0.842734E+07  0.000000E+00  0.000000E+00  0.000000E+00  0.843161E+07
  0.102429E-01  0.833628E+07  0.833068E+07  0.000000E+00  0.000000E+00  0.000000E+00  0.833534E+07
  0.107681E-01  0.823533E+07  0.822922E+07  0.000000E+00  0.000000E+00  0.000000E+00  0.823431E+07
  0.113202E-01  0.812946E+07  0.812279E+07  0.000000E+00  0.000000E+00  0.000000E+00  0.812834E+07
  0.119005E-01  0.801848E+07  0.801121E+07  0.000000E+00  0.000000E+00  0.000000E+00  0.801726E+07
  0.125107E-01  0.790223E+07  0.789432E+07  0.000000E+00  0.000000E+00  0.000000E+00  0.790090E+07
  0.131521E-01  0.778054E+07  0.777195E+07  0.000000E+00  0.000000E+00  0.000000E+00  0.777910E+07
  0.138265E-01  0.765328E+07  0.764396E+07  0.000000E+00  0.000000E+00  0.000000E+00  0.765172E+07
  0.145354E-01  0.752031E+07  0.751021E+07  0.000000E+00  0.000000E+00  0.000000E+00  0.751862E+07
  0.152806E-01  0.738152E+07  0.737060E+07  0.000000E+00  0.000000E+00  0.000000E+00  0.737969E+07
  0.160641E-01  0.723684E+07  0.722505E+07  0.000000E+00  0.000000E+00  0.000000E+00  0.723486E+07
  0.168877E-01  0.708622E+07  0.707352E+07  0.000000E+00  0.000000E+00  0.000000E+00  0.708409E+07
  0.177535E-01  0.692967E+07  0.691604E+07  0.000000E+00  0.000000E+00  0.000000E+00  0.692739E+07
  0.186638E-01  0.676727E+07  0.675267E+07  0.000000E+00  0.000000E+00  0.000000E+00  0.676482E+07
  0.196207E-01  0.659914E+07  0.658355E+07  0.000000E+00  0.000000E+00  0.000000E+00  0.659653E+07
  0.206267E-01  0.642550E+07  0.640891E+07  0.000000E+00  0.000000E+00  0.000000E+00  0.642272E+07
  0.216842E-01  0.624666E+07  0.622906E+07  0.000000E+00  0.000000E+00  0.000000E+00  0.624371E+07
  0.227960E-01  0.606304E+07  0.604446E+07  0.000000E+00  0.000000E+00  0.000000E+00  0.605992E+07
  0.239648E-01  0.587516E+07  0.585563E+07  0.000000E+00  0.000000E+00  0.000000E+00  0.587189E+07
  0.251935E-01  0.568371E+07  0.566329E+07  0.000000E+00  0.000000E+00  0.000000E+00  0.568029E+07
  0.264852E-01  0.548949E+07  0.546825E+07  0.000000E+00  0.000000E+00  0.000000E+00  0.548593E+07
  0.278431E-01  0.529345E+07  0.527149E+07  0.000000E+00  0.000000E+00  0.000000E+00  0.528977E+07
  0.292706E-01  0.509670E+07  0.507416E+07  0.000000E+00  0.000000E+00  0.000000E+00  0.509293E+07
  0.307714E-01  0.490049E+07  0.487752E+07  0.000000E+00  0.000000E+00  0.000000E+00  0.489664E+07
  0.323491E-01  0.470624E+07  0.468303E+07  0.000000E+00  0.000000E+00  0.000000E+00  0.470235E+07
  0.340076E-01  0.451532E+07  0.449209E+07  0.000000E+00  0.000000E+00  0.000000E+00  0.451143E+07
  0.357512E-01  0.432902E+07  0.430599E+07  0.000000E+00  0.000000E+00  0.000000E+00  0.432516E+07
  0.375842E-01  0.414891E+07  0.412635E+07  0.000000E+00  0.000000E+00  0.000000E+00  0.414513E+07
  0.395112E-01  0.397642E+07  0.395458E+07  0.000000E+00  0.000000E+00  0.000000E+00  0.397276E+07
  0.415370E-01  0.381233E+07  0.379146E+07  0.000000E+00  0.000000E+00  0.000000E+00  0.380883E+07
  0.436667E-01  0.365788E+07  0.363822E+07  0.000000E+00  0.000000E+00  0.000000E+00  0.365458E+07
  0.459055E-01  0.351282E+07  0.349457E+07  0.000000E+00  0.000000E+00  0.000000E+00  0.350976E+07
  0.482591E-01  0.337662E+07  0.335991E+07  0.000000E+00  0.000000E+00  0.000000E+00  0.337382E+07
  0.507334E-01  0.324819E+07  0.323309E+07  0.000000E+00  0.000000E+00  0.000000E+00  0.324566E+07
  0.533346E-01  0.312597E+07  0.311246E+07  0.000000E+00  0.000000E+00  0.000000E+00  0.312371E+07
  0.560691E-01  0.300798E+07  0.299594E+07  0.000000E+00  0.000000E+00  0.000000E+00  0.300596E+07
  0.589438E-01  0.289183E+07  0.288106E+07  0.000000E+00  0.000000E+00  0.000000E+00  0.289003E+07
  0.619659E-01  0.277497E+07  0.276516E+07  0.000000E+00  0.000000E+00  0.000000E+00  0.277333E+07
  0.651430E-01  0.265501E+07  0.264580E+07  0.000000E+00  0.000000E+00  0.000000E+00  0.265347E+07
  0.684830E-01  0.253031E+07  0.252133E+07  0.000000E+00  0.000000E+00  0.000000E+00  0.252880E+07
  0.719942E-01  0.240061E+07  0.239153E+07  0.000000E+00  0.000000E+00  0.000000E+00  0.239909E+07
  0.756853E-01  0.226795E+07  0.225853E+07  0.000000E+00  0.000000E+00  0.000000E+00  0.226637E+07
  0.795658E-01  0.213480E+07  0.212494E+07  0.000000E+00  0.000000E+00  0.000000E+00  0.213315E+07
  0.836452E-01  0.200489E+07  0.199468E+07  0.000000E+00  0.000000E+00  0.000000E+00  0.200318E+07
  0.879338E-01  0.188265E+07  0.187236E+07  0.000000E+00  0.000000E+00  0.000000E+00  0.188093E+07
  0.924423E-01  0.177236E+07  0.176237E+07  0.000000E+00  0.000000E+00  0.000000E+00  0.177068E+07
  0.971819E-01  0.167674E+07  0.166748E+07  0.000000E+00  0.000000E+00  0.000000E+00  0.167519E+07
  0.102165E+00  0.159552E+07  0.158734E+07  0.000000E+00  0.000000E+00  0.000000E+00  0.159415E+07
  0.107403E+00  0.152485E+07  0.151788E+07  0.000000E+00  0.000000E+00  0.000000E+00  0.152368E+07
  0.112909E+00  0.145814E+07  0.145225E+07  0.000000E+00  0.000000E+00  0.000000E+00  0.145716E+07
  0.118698E+00  0.138822E+07  0.138304E+07  0.000000E+00  0.000000E+00  0.000000E+00  0.138735E+07
  0.124784E+00  0.131054E+07  0.130557E+07  0.000000E+00  0.000000E+00  0.000000E+00  0.130971E+07
  0.131182E+00  0.122578E+07  0.122061E+07  0.000000E+00  0.000000E+00  0.000000E+00  0.122491E+07
  0.137908E+00  0.113943E+07  0.113395E+07  0.000000E+00  0.000000E+00  0.000000E+00  0.113851E+07
  0.144978E+00  0.105935E+07  0.105375E+07  0.000000E+00  0.000000E+00  0.000000E+00  0.105841E+07
  0.152412E+00  0.992416E+06  0.987134E+06  0.000000E+00  0.000000E+00  0.000000E+00  0.991531E+06
  0.160226E+00  0.939634E+06  0.935054E+06  0.000000E+00  0.000000E+00  0.000000E+00  0.938867E+06
  0.168441E+00  0.894331E+06  0.890520E+06  0.000000E+00  0.000000E+00  0.000000E+00  0.893692E+06
  0.177077E+00  0.846810E+06  0.843470E+06  0.000000E+00  0.000000E+00  0.000000E+00  0.846250E+06
  0.186156E+00  0.791617E+06  0.788314E+06  0.000000E+00  0.000000E+00  0.000000E+00  0.791064E+06
  0.195700E+00  0.732682E+06  0.729207E+06  0.000000E+00  0.000000E+00  0.000000E+00  0.732100E+06
  0.205734E+00  0.679565E+06  0.676103E+06  0.000000E+00  0.000000E+00  0.000000E+00  0.678985E+06
  0.216282E+00  0.638125E+06  0.635032E+06  0.000000E+00  0.000000E+00  0.000000E+00  0.637607E+06
  0.227371E+00  0.603919E+06  0.601312E+06  0.000000E+00  0.000000E+00  0.000000E+00  0.603482E+06
  0.239029E+00  0.567364E+06  0.564996E+06  0.000000E+00  0.000000E+00  0.000000E+00  0.566967E+06
  0.251284E+00  0.525844E+06  0.523444E+06  0.000000E+00  0.000000E+00  0.000000E+00  0.525442E+06
  0.264168E+00  0.486887E+06  0.484510E+06  0.000000E+00  0.000000E+00  0.000000E+00  0.486489E+06
  0.277712E+00  0.456088E+06  0.453970E+06  0.000000E+00  0.000000E+00  0.000000E+00  0.455733E+06
  0.291951E+00  0.428782E+06  0.426930E+06  0.000000E+00  0.000000E+00  0.000000E+00  0.428472E+06
  0.306919E+00  0.398593E+06  0.396807E+06  0.000000E+00  0.000000E+00  0.000000E+00  0.398294E+06
  0.322655E+00  0.368933E+06  0.367185E+06  0.000000E+00  0.000000E+00  0.000000E+00  0.368640E+06
  0.339198E+00  0.344593E+06  0.343022E+06  0.000000E+00  0.000000E+00  0.000000E+00  0.344330E+06
  0.356589E+00  0.321950E+06  0.320528E+06  0.000000E+00  0.000000E+00  0.000000E+00  0.321712E+06
  0.374872E+00  0.298214E+06  0.296840E+06  0.000000E+00  0.000000E+00  0.000000E+00  0.297984E+06
  0.394092E+00  0.277151E+06  0.275877E+06  0.000000E+00  0.000000E+00  0.000000E+00  0.276937E+06
  0.414298E+00  0.258335E+06  0.257179E+06  0.000000E+00  0.000000E+00  0.000000E+00  0.258141E+06
  0.435539E+00  0.239386E+06  0.238289E+06  0.000000E+00  0.000000E+00  0.000000E+00  0.239202E+06
  0.457870E+00  0.222314E+06  0.221302E+06  0.000000E+00  0.000000E+00  0.000000E+00  0.222145E+06
  0.481345E+00  0.206517E+06  0.205584E+06  0.000000E+00  0.000000E+00  0.000000E+00  0.206361E+06
  0.506024E+00  0.191327E+06  0.190453E+06  0.000000E+00  0.000000E+00  0.000000E+00  0.191180E+06
  0.531969E+00  0.177564E+06  0.176761E+06  0.000000E+00  0.000000E+00  0.000000E+00  0.177430E+06
  0.559243E+00  0.164476E+06  0.163727E+06  0.000000E+00  0.000000E+00  0.000000E+00  0.164350E+06
  0.587916E+00  0.152428E+06  0.151737E+06  0.000000E+00  0.000000E+00  0.000000E+00  0.152312E+06
  0.618059E+00  0.141135E+06  0.140494E+06  0.000000E+00  0.000000E+00  0.000000E+00  0.141028E+06
  0.649748E+00  0.130672E+06  0.130079E+06  0.000000E+00  0.000000E+00  0.000000E+00  0.130573E+06
  0.683062E+00  0.120911E+06  0.120361E+06  0.000000E+00  0.000000E+00  0.000000E+00  0.120819E+06
  0.718082E+00  0.111860E+06  0.111352E+06  0.000000E+00  0.000000E+00  0.000000E+00  0.111775E+06
  0.754899E+00  0.103435E+06  0.102965E+06  0.000000E+00  0.000000E+00  0.000000E+00  0.103356E+06
  0.793604E+00  0.956172E+05  0.951830E+05  0.000000E+00  0.000000E+00  0.000000E+00  0.955444E+05
  0.834293E+00  0.883598E+05  0.879586E+05  0.000000E+00  0.000000E+00  0.000000E+00  0.882926E+05
  0.877068E+00  0.816258E+05  0.812552E+05  0.000000E+00  0.000000E+00  0.000000E+00  0.815637E+05
  0.922036E+00  0.753812E+05  0.750389E+05  0.000000E+00  0.000000E+00  0.000000E+00  0.753238E+05
  0.969310E+00  0.695927E+05  0.692767E+05  0.000000E+00  0.000000E+00  0.000000E+00  0.695397E+05
  0.101901E+01  0.642282E+05  0.639366E+05  0.000000E+00  0.000000E+00  0.000000E+00  0.641793E+05
  0.107125E+01  0.592594E+05  0.589903E+05  0.000000E+00  0.000000E+00  0.000000E+00  0.592143E+05
  0.112618E+01  0.546596E+05  0.544114E+05  0.000000E+00  0.000000E+00  0.000000E+00  0.546180E+05
  0.118392E+01  0.504022E+05  0.501734E+05  0.000000E+00  0.000000E+00  0.000000E+00  0.503639E+05
  0.124462E+01  0.464632E+05  0.462523E+05  0.000000E+00  0.000000E+00  0.000000E+00  0.464279E+05
  0.130843E+01  0.428205E+05  0.426261E+05  0.000000E+00  0.000000E+00  0.000000E+00  0.427879E+05
  0.137552E+01  0.394529E+05  0.392738E+05  0.000000E+00  0.000000E+00  0.000000E+00  0.394229E+05
  0.144604E+01  0.363408E+05  0.361758E+05  0.000000E+00  0.000000E+00  0.000000E+00  0.363131E+05
  0.152018E+01  0.334654E+05  0.333134E+05  0.000000E+00  0.000000E+00  0.000000E+00  0.334399E+05
  0.159812E+01  0.308100E+05  0.306701E+05  0.000000E+00  0.000000E+00  0.000000E+00  0.307866E+05
  0.168006E+01  0.283583E+05  0.282296E+05  0.000000E+00  0.000000E+00  0.000000E+00  0.283367E+05
  0.176620E+01  0.260954E+05  0.259770E+05  0.000000E+00  0.000000E+00  0.000000E+00  0.260756E+05
  0.185675E+01  0.240077E+05  0.238987E+05  0.000000E+00  0.000000E+00  0.000000E+00  0.239894E+05
  0.195195E+01  0.220820E+05  0.219817E+05  0.000000E+00  0.000000E+00  0.000000E+00  0.220652E+05
  0.205203E+01  0.203062E+05  0.202140E+05  0.000000E+00  0.000000E+00  0.000000E+00  0.202907E+05
  0.215724E+01  0.186691E+05  0.185843E+05  0.000000E+00  0.000000E+00  0.000000E+00  0.186549E+05
  0.226784E+01  0.171604E+05  0.170825E+05  0.000000E+00  0.000000E+00  0.000000E+00  0.171473E+05
  0.238412E+01  0.157703E+05  0.156987E+05  0.000000E+00  0.000000E+00  0.000000E+00  0.157583E+05
  0.250635E+01  0.144899E+05  0.144241E+05  0.000000E+00  0.000000E+00  0.000000E+00  0.144789E+05
  0.263486E+01  0.133108E+05  0.132504E+05  0.000000E+00  0.000000E+00  0.000000E+00  0.133007E+05
  0.276995E+01  0.122253E+05  0.121698E+05  0.000000E+00  0.000000E+00  0.000000E+00  0.122160E+05
  0.291197E+01  0.112261E+05  0.111751E+05  0.000000E+00  0.000000E+00  0.000000E+00  0.112176E+05
  0.306127E+01  0.103067E+05  0.102599E+05  0.000000E+00  0.000000E+00  0.000000E+00  0.102989E+05
  0.321822E+01  0.946091E+04  0.941793E+04  0.000000E+00  0.000000E+00  0.000000E+00  0.945370E+04
  0.338322E+01  0.868293E+04  0.864349E+04  0.000000E+00  0.000000E+00  0.000000E+00  0.867632E+04
  0.355669E+01  0.796755E+04  0.793135E+04  0.000000E+00  0.000000E+00  0.000000E+00  0.796148E+04
  0.373904E+01  0.730984E+04  0.727663E+04  0.000000E+00  0.000000E+00  0.000000E+00  0.730428E+04
  0.393075E+01  0.670533E+04  0.667485E+04  0.000000E+00  0.000000E+00  0.000000E+00  0.670022E+04
  0.413228E+01  0.614978E+04  0.612183E+04  0.000000E+00  0.000000E+00  0.000000E+00  0.614509E+04
  0.434415E+01  0.563936E+04  0.561372E+04  0.000000E+00  0.000000E+00  0.000000E+00  0.563506E+04
  0.456688E+01  0.517049E+04  0.514697E+04  0.000000E+00  0.000000E+00  0.000000E+00  0.516655E+04
  0.480103E+01  0.473986E+04  0.471831E+04  0.000000E+00  0.000000E+00  0.000000E+00  0.473625E+04
  0.504718E+01  0.434445E+04  0.432468E+04  0.000000E+00  0.000000E+00  0.000000E+00  0.434114E+04
  0.530595E+01  0.398144E+04  0.396332E+04  0.000000E+00  0.000000E+00  0.000000E+00  0.397840E+04
  0.557799E+01  0.364823E+04  0.363162E+04  0.000000E+00  0.000000E+00  0.000000E+00  0.364544E+04
  0.586399E+01  0.334242E+04  0.332720E+04  0.000000E+00  0.000000E+00  0.000000E+00  0.333986E+04
  0.616464E+01  0.306182E+04  0.304787E+04  0.000000E+00  0.000000E+00  0.000000E+00  0.305948E+04
  0.648071E+01  0.280439E+04  0.279161E+04  0.000000E+00  0.000000E+00  0.000000E+00  0.280225E+04
  0.681298E+01  0.256827E+04  0.255656E+04  0.000000E+00  0.000000E+00  0.000000E+00  0.256631E+04
  0.716229E+01  0.235171E+04  0.234099E+04  0.000000E+00  0.000000E+00  0.000000E+00  0.234992E+04
  0.752951E+01  0.215314E+04  0.214331E+04  0.000000E+00  0.000000E+00  0.000000E+00  0.215149E+04
  0.791555E+01  0.197108E+04  0.196208E+04  0.000000E+00  0.000000E+00  0.000000E+00  0.196957E+04
  0.832139E+01  0.180419E+04  0.179595E+04  0.000000E+00  0.000000E+00  0.000000E+00  0.180281E+04
  0.874803E+01  0.165124E+04  0.164368E+04  0.000000E+00  0.000000E+00  0.000000E+00  0.164997E+04
  0.919656E+01  0.151106E+04  0.150414E+04  0.000000E+00  0.000000E+00  0.000000E+00  0.150990E+04
  0.966808E+01  0.138262E+04  0.137629E+04  0.000000E+00  0.000000E+00  0.000000E+00  0.138156E+04
  0.101638E+02  0.126496E+04  0.125915E+04  0.000000E+00  0.000000E+00  0.000000E+00  0.126398E+04
  0.106849E+02  0.115717E+04  0.115186E+04  0.000000E+00  0.000000E+00  0.000000E+00  0.115628E+04
  0.112327E+02  0.105846E+04  0.105359E+04  0.000000E+00  0.000000E+00  0.000000E+00  0.105764E+04
  0.118086E+02  0.968052E+03  0.963594E+03  0.000000E+00  0.000000E+00  0.000000E+00  0.967305E+03
  0.124141E+02  0.885274E+03  0.881191E+03  0.000000E+00  0.000000E+00  0.000000E+00  0.884590E+03
  0.130505E+02  0.809489E+03  0.805749E+03  0.000000E+00  0.000000E+00  0.000000E+00  0.808862E+03
  0.137197E+02  0.740114E+03  0.736688E+03  0.000000E+00  0.000000E+00  0.000000E+00  0.739539E+03
  0.144231E+02  0.676616E+03  0.673478E+03  0.000000E+00  0.000000E+00  0.000000E+00  0.676090E+03
  0.151626E+02  0.618503E+03  0.615627E+03  0.000000E+00  0.000000E+00  0.000000E+00  0.618021E+03
  0.159400E+02  0.565324E+03  0.562689E+03  0.000000E+00  0.000000E+00  0.000000E+00  0.564882E+03
  0.167572E+02  0.516667E+03  0.514253E+03  0.000000E+00  0.000000E+00  0.000000E+00  0.516262E+03
  0.176164E+02  0.472153E+03  0.469939E+03  0.000000E+00  0.000000E+00  0.000000E+00  0.471782E+03
  0.185196E+02  0.431433E+03  0.429404E+03  0.000000E+00  0.000000E+00  0.000000E+00  0.431093E+03
  0.194691E+02  0.394188E+03  0.392326E+03  0.000000E+00  0.000000E+00  0.000000E+00  0.393876E+03
  0.204673E+02  0.360124E+03  0.358417E+03  0.000000E+00  0.000000E+00  0.000000E+00  0.359838E+03
