  0.127841E-04  0.410420E+08  0.410420E+08  0.546735E+08  0.546734E+08  0.000000E+00  0.410420E+08
  0.132201E-04  0.396968E+08  0.396968E+08  0.528782E+08  0.528781E+08  0.000000E+00  0.396968E+08
  0.136858E-04  0.383996E+08  0.383996E+08  0.511467E+08  0.511467E+08  0.000000E+00  0.383996E+08
  0.141827E-04  0.371540E+08  0.371540E+08  0.494838E+08  0.494837E+08  0.000000E+00  0.371540E+08
  0.147123E-04  0.359627E+08  0.359627E+08  0.478932E+08  0.478931E+08  0.000000E+00  0.359627E+08
  0.152763E-04  0.348280E+08  0.348280E+08  0.463777E+08  0.463776E+08  0.000000E+00  0.348280E+08
  0.158764E-04  0.337510E+08  0.337510E+08  0.449389E+08  0.449389E+08  0.000000E+00  0.337510E+08
  0.165142E-04  0.327325E+08  0.327325E+08  0.435779E+08  0.435778E+08  0.000000E+00  0.327325E+08
  0.171915E-04  0.317726E+08  0.317726E+08  0.422945E+08  0.422944E+08  0.000000E+00  0.317726E+08
  0.179103E-04  0.308706E+08  0.308706E+08  0.410882E+08  0.410880E+08  0.000000E+00  0.308706E+08
  0.186726E-04  0.300256E+08  0.300256E+08  0.399574E+08  0.399573E+08  0.000000E+00  0.300256E+08
  0.194804E-04  0.292362E+08  0.292362E+08  0.389003E+08  0.389002E+08  0.000000E+00  0.292362E+08
  0.203358E-04  0.285007E+08  0.285007E+08  0.379145E+08  0.379144E+08  0.000000E+00  0.285007E+08
  0.212412E-04  0.278170E+08  0.278170E+08  0.369973E+08  0.369972E+08  0.000000E+00  0.278170E+08
  0.221988E-04  0.271829E+08  0.271829E+08  0.361456E+08  0.361455E+08  0.000000E+00  0.271829E+08
  0.232113E-04  0.265960E+08  0.265960E+08  0.353563E+08  0.353561E+08  0.000000E+00  0.265960E+08
  0.242812E-04  0.260539E+08  0.260539E+08  0.346259E+08  0.346257E+08  0.000000E+00  0.260539E+08
  0.254112E-04  0.255540E+08  0.255540E+08  0.339510E+08  0.339508E+08  0.000000E+00  0.255540E+08
  0.266044E-04  0.250937E+08  0.250937E+08  0.333282E+08  0.333280E+08  0.000000E+00  0.250937E+08
  0.278636E-04  0.246707E+08  0.246707E+08  0.327540E+08  0.327538E+08  0.000000E+00  0.246707E+08
  0.291922E-04  0.242824E+08  0.242824E+08  0.322250E+08  0.322248E+08  0.000000E+00  0.242824E+08
  0.305934E-04  0.239264E+08  0.239264E+08  0.317379E+08  0.317377E+08  0.000000E+00  0.239264E+08
  0.320709E-04  0.236005E+08  0.236005E+08  0.312896E+08  0.312893E+08  0.000000E+00  0.236005E+08
  0.336283E-04  0.233023E+08  0.233023E+08  0.308769E+08  0.308766E+08  0.000000E+00  0.233023E+08
  0.352696E-04  0.230299E+08  0.230299E+08  0.304969E+08  0.304965E+08  0.000000E+00  0.230299E+08
  0.369989E-04  0.227811E+08  0.227811E+08  0.301467E+08  0.301463E+08  0.000000E+00  0.227811E+08
  0.388206E-04  0.225542E+08  0.225542E+08  0.298237E+08  0.298233E+08  0.000000E+00  0.225542E+08
  0.407392E-04  0.223473E+08  0.223473E+08  0.295253E+08  0.295249E+08  0.000000E+00  0.223473E+08
  0.427596E-04  0.221588E+08  0.221588E+08  0.292491E+08  0.292486E+08  0.000000E+00  0.221588E+08
  0.448868E-04  0.219873E+08  0.219872E+08  0.289928E+08  0.289923E+08  0.000000E+00  0.219873E+08
  0.471262E-04  0.218311E+08  0.218311E+08  0.287543E+08  0.287537E+08  0.000000E+00  0.218311E+08
  0.494833E-04  0.216891E+08  0.216891E+08  0.285314E+08  0.285309E+08  0.000000E+00  0.216891E+08
  0.519641E-04  0.215601E+08  0.215601E+08  0.283223E+08  0.283217E+08  0.000000E+00  0.215601E+08
  0.545748E-04  0.214428E+08  0.214428E+08  0.281251E+08  0.281244E+08  0.000000E+00  0.214428E+08
  0.573219E-04  0.213362E+08  0.213362E+08  0.279380E+08  0.279372E+08  0.000000E+00  0.213362E+08
  0.602123E-04  0.212395E+08  0.212395E+08  0.277592E+08  0.277584E+08  0.000000E+00  0.212395E+08
  0.632532E-04  0.211517E+08  0.211517E+08  0.275872E+08  0.275863E+08  0.000000E+00  0.211517E+08
  0.664522E-04  0.210719E+08  0.210719E+08  0.274204E+08  0.274194E+08  0.000000E+00  0.210719E+08
  0.698174E-04  0.209996E+08  0.209996E+08  0.272572E+08  0.272561E+08  0.000000E+00  0.209996E+08
  0.733572E-04  0.209340E+08  0.209340E+08  0.270962E+08  0.270950E+08  0.000000E+00  0.209340E+08
  0.770803E-04  0.208744E+08  0.208744E+08  0.269357E+08  0.269344E+08  0.000000E+00  0.208744E+08
  0.809962E-04  0.208204E+08  0.208204E+08  0.267743E+08  0.267729E+08  0.000000E+00  0.208204E+08
  0.851146E-04  0.207714E+08  0.207714E+08  0.266105E+08  0.266090E+08  0.000000E+00  0.207714E+08
  0.894458E-04  0.207270E+08  0.207270E+08  0.264429E+08  0.264412E+08  0.000000E+00  0.207270E+08
  0.940007E-04  0.206867E+08  0.206867E+08  0.262698E+08  0.262679E+08  0.000000E+00  0.206867E+08
  0.987906E-04  0.206501E+08  0.206501E+08  0.260898E+08  0.260877E+08  0.000000E+00  0.206501E+08
  0.103828E-03  0.206170E+08  0.206170E+08  0.259012E+08  0.258989E+08  0.000000E+00  0.206170E+08
  0.109124E-03  0.205868E+08  0.205868E+08  0.257023E+08  0.256999E+08  0.000000E+00  0.205868E+08
  0.114694E-03  0.205595E+08  0.205595E+08  0.254916E+08  0.254888E+08  0.000000E+00  0.205595E+08
  0.120550E-03  0.205347E+08  0.205347E+08  0.252671E+08  0.252641E+08  0.000000E+00  0.205347E+08
  0.126707E-03  0.205121E+08  0.205121E+08  0.250270E+08  0.250237E+08  0.000000E+00  0.205121E+08
  0.133182E-03  0.204916E+08  0.204916E+08  0.247695E+08  0.247659E+08  0.000000E+00  0.204916E+08
  0.139989E-03  0.204729E+08  0.204729E+08  0.244924E+08  0.244886E+08  0.000000E+00  0.204729E+08
  0.147147E-03  0.204559E+08  0.204558E+08  0.241939E+08  0.241897E+08  0.000000E+00  0.204559E+08
  0.154672E-03  0.204403E+08  0.204403E+08  0.238717E+08  0.238671E+08  0.000000E+00  0.204403E+08
  0.162584E-03  0.204261E+08  0.204261E+08  0.235235E+08  0.235186E+08  0.000000E+00  0.204261E+08
  0.170903E-03  0.204131E+08  0.204131E+08  0.231473E+08  0.231419E+08  0.000000E+00  0.204131E+08
  0.179649E-03  0.204012E+08  0.204012E+08  0.227406E+08  0.227348E+08  0.000000E+00  0.204012E+08
  0.188845E-03  0.203902E+08  0.203902E+08  0.223012E+08  0.222950E+08  0.000000E+00  0.203902E+08
  0.198512E-03  0.203801E+08  0.203801E+08  0.218267E+08  0.218201E+08  0.000000E+00  0.203801E+08
  0.208676E-03  0.203707E+08  0.203707E+08  0.213151E+08  0.213079E+08  0.000000E+00  0.203707E+08
  0.219362E-03  0.203619E+08  0.203619E+08  0.207641E+08  0.207565E+08  0.000000E+00  0.203619E+08
  0.230596E-03  0.203538E+08  0.203538E+08  0.201719E+08  0.201638E+08  0.000000E+00  0.203538E+08
  0.242407E-03  0.203461E+08  0.203461E+08  0.195367E+08  0.195282E+08  0.000000E+00  0.203461E+08
  0.254824E-03  0.203388E+08  0.203388E+08  0.188573E+08  0.188483E+08  0.000000E+00  0.203388E+08
  0.267878E-03  0.203319E+08  0.203319E+08  0.181328E+08  0.181234E+08  0.000000E+00  0.203319E+08
  0.281602E-03  0.203252E+08  0.203252E+08  0.173629E+08  0.173531E+08  0.000000E+00  0.203252E+08
  0.296030E-03  0.203188E+08  0.203188E+08  0.165479E+08  0.165378E+08  0.000000E+00  0.203188E+08
  0.311199E-03  0.203125E+08  0.203125E+08  0.156892E+08  0.156789E+08  0.000000E+00  0.203125E+08
  0.327145E-03  0.203063E+08  0.203062E+08  0.147890E+08  0.147786E+08  0.000000E+00  0.203063E+08
  0.343910E-03  0.203001E+08  0.203001E+08  0.138507E+08  0.138403E+08  0.000000E+00  0.203001E+08
  0.361534E-03  0.202939E+08  0.202939E+08  0.128791E+08  0.128688E+08  0.000000E+00  0.202939E+08
  0.380063E-03  0.202876E+08  0.202876E+08  0.118804E+08  0.118705E+08  0.000000E+00  0.202876E+08
  0.399542E-03  0.202812E+08  0.202812E+08  0.108625E+08  0.108531E+08  0.000000E+00  0.202812E+08
  0.420020E-03  0.202746E+08  0.202746E+08  0.983483E+07  0.982612E+07  0.000000E+00  0.202746E+08
  0.441548E-03  0.202678E+08  0.202678E+08  0.880842E+07  0.880062E+07  0.000000E+00  0.202678E+08
  0.464181E-03  0.202607E+08  0.202607E+08  0.779588E+07  0.778920E+07  0.000000E+00  0.202607E+08
  0.487974E-03  0.202532E+08  0.202532E+08  0.681108E+07  0.680572E+07  0.000000E+00  0.202532E+08
  0.512987E-03  0.202454E+08  0.202453E+08  0.586878E+07  0.586491E+07  0.000000E+00  0.202453E+08
  0.539283E-03  0.202370E+08  0.202370E+08  0.498404E+07  0.498176E+07  0.000000E+00  0.202370E+08
  0.566927E-03  0.202282E+08  0.202281E+08  0.417147E+07  0.417083E+07  0.000000E+00  0.202282E+08
  0.595989E-03  0.202188E+08  0.202187E+08  0.344431E+07  0.344526E+07  0.000000E+00  0.202188E+08
  0.626542E-03  0.202087E+08  0.202087E+08  0.281331E+07  0.281570E+07  0.000000E+00  0.202087E+08
  0.658661E-03  0.201980E+08  0.201979E+08  0.228559E+07  0.228914E+07  0.000000E+00  0.201980E+08
  0.692427E-03  0.201865E+08  0.201864E+08  0.186353E+07  0.186786E+07  0.000000E+00  0.201865E+08
  0.727924E-03  0.201742E+08  0.201741E+08  0.154383E+07  0.154843E+07  0.000000E+00  0.201742E+08
  0.765242E-03  0.201610E+08  0.201609E+08  0.131702E+07  0.132134E+07  0.000000E+00  0.201610E+08
  0.804473E-03  0.201468E+08  0.201467E+08  0.116762E+07  0.117107E+07  0.000000E+00  0.201468E+08
  0.845716E-03  0.201316E+08  0.201315E+08  0.107511E+07  0.107717E+07  0.000000E+00  0.201316E+08
  0.889073E-03  0.201153E+08  0.201152E+08  0.101586E+07  0.101618E+07  0.000000E+00  0.201153E+08
  0.934654E-03  0.200979E+08  0.200977E+08  0.966106E+06  0.964514E+06  0.000000E+00  0.200978E+08
  0.982572E-03  0.200791E+08  0.200790E+08  0.905405E+06  0.902026E+06  0.000000E+00  0.200791E+08
  0.103295E-02  0.200590E+08  0.200589E+08  0.820307E+06  0.815515E+06  0.000000E+00  0.200590E+08
  0.108590E-02  0.200375E+08  0.200373E+08  0.707145E+06  0.701483E+06  0.000000E+00  0.200375E+08
  0.114158E-02  0.200144E+08  0.200142E+08  0.573027E+06  0.567033E+06  0.000000E+00  0.200144E+08
  0.120010E-02  0.199897E+08  0.199895E+08  0.434117E+06  0.428104E+06  0.000000E+00  0.199897E+08
  0.126163E-02  0.199633E+08  0.199630E+08  0.310958E+06  0.304805E+06  0.000000E+00  0.199632E+08
  0.132632E-02  0.199350E+08  0.199347E+08  0.221525E+06  0.214596E+06  0.000000E+00  0.199349E+08
  0.139432E-02  0.199047E+08  0.199044E+08  0.174091E+06  0.165388E+06  0.000000E+00  0.199046E+08
  0.146580E-02  0.198723E+08  0.198721E+08  0.162856E+06  0.151448E+06  0.000000E+00  0.198723E+08
  0.154095E-02  0.198378E+08  0.198375E+08  0.000000E+00  0.000000E+00  0.000000E+00  0.198377E+08
  0.161996E-02  0.198009E+08  0.198006E+08  0.000000E+00  0.000000E+00  0.000000E+00  0.198008E+08
  0.170301E-02  0.197616E+08  0.197612E+08  0.000000E+00  0.000000E+00  0.000000E+00  0.197615E+08
  0.179033E-02  0.197196E+08  0.197192E+08  0.000000E+00  0.000000E+00  0.000000E+00  0.197195E+08
  0.188212E-02  0.196749E+08  0.196744E+08  0.000000E+00  0.000000E+00  0.000000E+00  0.196748E+08
  0.197861E-02  0.196273E+08  0.196268E+08  0.000000E+00  0.000000E+00  0.000000E+00  0.196272E+08
  0.208006E-02  0.195767E+08  0.195761E+08  0.000000E+00  0.000000E+00  0.000000E+00  0.195766E+08
  0.218670E-02  0.195228E+08  0.195222E+08  0.000000E+00  0.000000E+00  0.000000E+00  0.195227E+08
  0.229882E-02  0.194656E+08  0.194649E+08  0.000000E+00  0.000000E+00  0.000000E+00  0.194655E+08
  0.241668E-02  0.194049E+08  0.194041E+08  0.000000E+00  0.000000E+00  0.000000E+00  0.194048E+08
  0.254058E-02  0.193405E+08  0.193396E+08  0.000000E+00  0.000000E+00  0.000000E+00  0.193404E+08
  0.267084E-02  0.192722E+08  0.192713E+08  0.000000E+00  0.000000E+00  0.000000E+00  0.192721E+08
  0.280778E-02  0.192000E+08  0.191989E+08  0.000000E+00  0.000000E+00  0.000000E+00  0.191998E+08
  0.295173E-02  0.191235E+08  0.191223E+08  0.000000E+00  0.000000E+00  0.000000E+00  0.191233E+08
  0.310307E-02  0.190426E+08  0.190413E+08  0.000000E+00  0.000000E+00  0.000000E+00  0.190424E+08
  0.326217E-02  0.189572E+08  0.189558E+08  0.000000E+00  0.000000E+00  0.000000E+00  0.189569E+08
  0.342942E-02  0.188670E+08  0.188655E+08  0.000000E+00  0.000000E+00  0.000000E+00  0.188667E+08
  0.360525E-02  0.187719E+08  0.187702E+08  0.000000E+00  0.000000E+00  0.000000E+00  0.187716E+08
  0.379010E-02  0.186717E+08  0.186698E+08  0.000000E+00  0.000000E+00  0.000000E+00  0.186714E+08
  0.398442E-02  0.185662E+08  0.185641E+08  0.000000E+00  0.000000E+00  0.000000E+00  0.185658E+08
  0.418870E-02  0.184552E+08  0.184529E+08  0.000000E+00  0.000000E+00  0.000000E+00  0.184548E+08
  0.440346E-02  0.183385E+08  0.183360E+08  0.000000E+00  0.000000E+00  0.000000E+00  0.183381E+08
  0.462923E-02  0.182160E+08  0.182133E+08  0.000000E+00  0.000000E+00  0.000000E+00  0.182155E+08
  0.486658E-02  0.180874E+08  0.180845E+08  0.000000E+00  0.000000E+00  0.000000E+00  0.180869E+08
  0.511609E-02  0.179527E+08  0.179494E+08  0.000000E+00  0.000000E+00  0.000000E+00  0.179521E+08
  0.537840E-02  0.178115E+08  0.178079E+08  0.000000E+00  0.000000E+00  0.000000E+00  0.178109E+08
  0.565415E-02  0.176637E+08  0.176597E+08  0.000000E+00  0.000000E+00  0.000000E+00  0.176630E+08
  0.594405E-02  0.175091E+08  0.175048E+08  0.000000E+00  0.000000E+00  0.000000E+00  0.175084E+08
  0.624880E-02  0.173476E+08  0.173429E+08  0.000000E+00  0.000000E+00  0.000000E+00  0.173468E+08
  0.656919E-02  0.171790E+08  0.171738E+08  0.000000E+00  0.000000E+00  0.000000E+00  0.171781E+08
  0.690600E-02  0.170030E+08  0.169973E+08  0.000000E+00  0.000000E+00  0.000000E+00  0.170021E+08
  0.726007E-02  0.168196E+08  0.168133E+08  0.000000E+00  0.000000E+00  0.000000E+00  0.168185E+08
  0.763230E-02  0.166285E+08  0.166216E+08  0.000000E+00  0.000000E+00  0.000000E+00  0.166273E+08
  0.802362E-02  0.164295E+08  0.164220E+08  0.000000E+00  0.000000E+00  0.000000E+00  0.164282E+08
  0.843500E-02  0.162225E+08  0.162143E+08  0.000000E+00  0.000000E+00  0.000000E+00  0.162211E+08
  0.886747E-02  0.160073E+08  0.159983E+08  0.000000E+00  0.000000E+00  0.000000E+00  0.160058E+08
  0.932211E-02  0.157838E+08  0.157739E+08  0.000000E+00  0.000000E+00  0.000000E+00  0.157822E+08
  0.980007E-02  0.155518E+08  0.155410E+08  0.000000E+00  0.000000E+00  0.000000E+00  0.155499E+08
  0.103025E-01  0.153110E+08  0.152992E+08  0.000000E+00  0.000000E+00  0.000000E+00  0.153090E+08
  0.108308E-01  0.150614E+08  0.150486E+08  0.000000E+00  0.000000E+00  0.000000E+00  0.150592E+08
  0.113861E-01  0.148028E+08  0.147888E+08  0.000000E+00  0.000000E+00  0.000000E+00  0.148005E+08
  0.119698E-01  0.145351E+08  0.145199E+08  0.000000E+00  0.000000E+00  0.000000E+00  0.145325E+08
  0.125835E-01  0.142581E+08  0.142416E+08  0.000000E+00  0.000000E+00  0.000000E+00  0.142553E+08
  0.132287E-01  0.139718E+08  0.139539E+08  0.000000E+00  0.000000E+00  0.000000E+00  0.139688E+08
  0.139070E-01  0.136760E+08  0.136566E+08  0.000000E+00  0.000000E+00  0.000000E+00  0.136728E+08
  0.146200E-01  0.133709E+08  0.133499E+08  0.000000E+00  0.000000E+00  0.000000E+00  0.133673E+08
  0.153696E-01  0.130562E+08  0.130336E+08  0.000000E+00  0.000000E+00  0.000000E+00  0.130524E+08
  0.161576E-01  0.127322E+08  0.127078E+08  0.000000E+00  0.000000E+00  0.000000E+00  0.127281E+08
  0.169860E-01  0.123990E+08  0.123728E+08  0.000000E+00  0.000000E+00  0.000000E+00  0.123946E+08
  0.178569E-01  0.120568E+08  0.120286E+08  0.000000E+00  0.000000E+00  0.000000E+00  0.120521E+08
  0.187724E-01  0.117059E+08  0.116758E+08  0.000000E+00  0.000000E+00  0.000000E+00  0.117008E+08
  0.197349E-01  0.113468E+08  0.113147E+08  0.000000E+00  0.000000E+00  0.000000E+00  0.113414E+08
  0.207467E-01  0.109800E+08  0.109459E+08  0.000000E+00  0.000000E+00  0.000000E+00  0.109743E+08
  0.218105E-01  0.106064E+08  0.105703E+08  0.000000E+00  0.000000E+00  0.000000E+00  0.106004E+08
  0.229287E-01  0.102270E+08  0.101888E+08  0.000000E+00  0.000000E+00  0.000000E+00  0.102206E+08
  0.241043E-01  0.984275E+07  0.980273E+07  0.000000E+00  0.000000E+00  0.000000E+00  0.983605E+07
  0.253401E-01  0.945523E+07  0.941342E+07  0.000000E+00  0.000000E+00  0.000000E+00  0.944822E+07
  0.266393E-01  0.906603E+07  0.902260E+07  0.000000E+00  0.000000E+00  0.000000E+00  0.905875E+07
  0.280052E-01  0.867709E+07  0.863225E+07  0.000000E+00  0.000000E+00  0.000000E+00  0.866958E+07
  0.294410E-01  0.829060E+07  0.824462E+07  0.000000E+00  0.000000E+00  0.000000E+00  0.828289E+07
  0.309505E-01  0.790897E+07  0.786219E+07  0.000000E+00  0.000000E+00  0.000000E+00  0.790113E+07
  0.325374E-01  0.753485E+07  0.748767E+07  0.000000E+00  0.000000E+00  0.000000E+00  0.752694E+07
  0.342056E-01  0.717101E+07  0.712388E+07  0.000000E+00  0.000000E+00  0.000000E+00  0.716311E+07
  0.359593E-01  0.681870E+07  0.677212E+07  0.000000E+00  0.000000E+00  0.000000E+00  0.681089E+07
  0.378030E-01  0.648084E+07  0.643534E+07  0.000000E+00  0.000000E+00  0.000000E+00  0.647321E+07
  0.397412E-01  0.616153E+07  0.611768E+07  0.000000E+00  0.000000E+00  0.000000E+00  0.615418E+07
  0.417788E-01  0.586318E+07  0.582154E+07  0.000000E+00  0.000000E+00  0.000000E+00  0.585620E+07
  0.439209E-01  0.558696E+07  0.554807E+07  0.000000E+00  0.000000E+00  0.000000E+00  0.558045E+07
  0.461727E-01  0.533268E+07  0.529697E+07  0.000000E+00  0.000000E+00  0.000000E+00  0.532669E+07
  0.485400E-01  0.509875E+07  0.506659E+07  0.000000E+00  0.000000E+00  0.000000E+00  0.509336E+07
  0.510288E-01  0.488266E+07  0.485426E+07  0.000000E+00  0.000000E+00  0.000000E+00  0.487790E+07
  0.536451E-01  0.468282E+07  0.465820E+07  0.000000E+00  0.000000E+00  0.000000E+00  0.467869E+07
  0.563955E-01  0.449427E+07  0.447325E+07  0.000000E+00  0.000000E+00  0.000000E+00  0.449075E+07
  0.592869E-01  0.431761E+07  0.429978E+07  0.000000E+00  0.000000E+00  0.000000E+00  0.431462E+07
  0.623267E-01  0.413815E+07  0.412290E+07  0.000000E+00  0.000000E+00  0.000000E+00  0.413560E+07
  0.655222E-01  0.395497E+07  0.394152E+07  0.000000E+00  0.000000E+00  0.000000E+00  0.395272E+07
  0.688816E-01  0.376376E+07  0.375124E+07  0.000000E+00  0.000000E+00  0.000000E+00  0.376166E+07
  0.724133E-01  0.356209E+07  0.354965E+07  0.000000E+00  0.000000E+00  0.000000E+00  0.356001E+07
  0.761259E-01  0.335057E+07  0.333747E+07  0.000000E+00  0.000000E+00  0.000000E+00  0.334837E+07
  0.800290E-01  0.313305E+07  0.311882E+07  0.000000E+00  0.000000E+00  0.000000E+00  0.313066E+07
  0.841322E-01  0.291622E+07  0.290076E+07  0.000000E+00  0.000000E+00  0.000000E+00  0.291363E+07
  0.884458E-01  0.270852E+07  0.269212E+07  0.000000E+00  0.000000E+00  0.000000E+00  0.270577E+07
  0.929805E-01  0.251876E+07  0.250209E+07  0.000000E+00  0.000000E+00  0.000000E+00  0.251596E+07
  0.977476E-01  0.235405E+07  0.233800E+07  0.000000E+00  0.000000E+00  0.000000E+00  0.235136E+07
  0.102759E+00  0.221728E+07  0.220276E+07  0.000000E+00  0.000000E+00  0.000000E+00  0.221485E+07
  0.108028E+00  0.210576E+07  0.209343E+07  0.000000E+00  0.000000E+00  0.000000E+00  0.210370E+07
  0.113567E+00  0.201149E+07  0.200153E+07  0.000000E+00  0.000000E+00  0.000000E+00  0.200982E+07
  0.119389E+00  0.192190E+07  0.191393E+07  0.000000E+00  0.000000E+00  0.000000E+00  0.192057E+07
  0.125510E+00  0.182327E+07  0.181645E+07  0.000000E+00  0.000000E+00  0.000000E+00  0.182213E+07
  0.131946E+00  0.170874E+07  0.170206E+07  0.000000E+00  0.000000E+00  0.000000E+00  0.170762E+07
  0.138711E+00  0.158269E+07  0.157541E+07  0.000000E+00  0.000000E+00  0.000000E+00  0.158147E+07
  0.145822E+00  0.145587E+07  0.144784E+07  0.000000E+00  0.000000E+00  0.000000E+00  0.145453E+07
  0.153299E+00  0.134178E+07  0.133350E+07  0.000000E+00  0.000000E+00  0.000000E+00  0.134040E+07
  0.161159E+00  0.125181E+07  0.124412E+07  0.000000E+00  0.000000E+00  0.000000E+00  0.125052E+07
  0.169421E+00  0.118393E+07  0.117748E+07  0.000000E+00  0.000000E+00  0.000000E+00  0.118285E+07
  0.178108E+00  0.112509E+07  0.111992E+07  0.000000E+00  0.000000E+00  0.000000E+00  0.112422E+07
  0.187240E+00  0.106091E+07  0.105644E+07  0.000000E+00  0.000000E+00  0.000000E+00  0.106016E+07
  0.196840E+00  0.984707E+06  0.980201E+06  0.000000E+00  0.000000E+00  0.000000E+00  0.983952E+06
  0.206932E+00  0.904659E+06  0.899839E+06  0.000000E+00  0.000000E+00  0.000000E+00  0.903851E+06
  0.217541E+00  0.834610E+06  0.829828E+06  0.000000E+00  0.000000E+00  0.000000E+00  0.833809E+06
  0.228695E+00  0.781629E+06  0.777422E+06  0.000000E+00  0.000000E+00  0.000000E+00  0.780924E+06
  0.240421E+00  0.736986E+06  0.733474E+06  0.000000E+00  0.000000E+00  0.000000E+00  0.736397E+06
  0.252747E+00  0.688778E+06  0.685582E+06  0.000000E+00  0.000000E+00  0.000000E+00  0.688242E+06
  0.265706E+00  0.635245E+06  0.632017E+06  0.000000E+00  0.000000E+00  0.000000E+00  0.634704E+06
  0.279329E+00  0.586254E+06  0.583094E+06  0.000000E+00  0.000000E+00  0.000000E+00  0.585724E+06
  0.293650E+00  0.547060E+06  0.544252E+06  0.000000E+00  0.000000E+00  0.000000E+00  0.546589E+06
  0.308706E+00  0.511512E+06  0.509037E+06  0.000000E+00  0.000000E+00  0.000000E+00  0.511098E+06
  0.324534E+00  0.473624E+06  0.471256E+06  0.000000E+00  0.000000E+00  0.000000E+00  0.473227E+06
  0.341173E+00  0.437430E+06  0.435153E+06  0.000000E+00  0.000000E+00  0.000000E+00  0.437049E+06
  0.358665E+00  0.406796E+06  0.404739E+06  0.000000E+00  0.000000E+00  0.000000E+00  0.406451E+06
  0.377054E+00  0.378082E+06  0.376207E+06  0.000000E+00  0.000000E+00  0.000000E+00  0.377768E+06
  0.396386E+00  0.349459E+06  0.347679E+06  0.000000E+00  0.000000E+00  0.000000E+00  0.349161E+06
  0.416710E+00  0.323727E+06  0.322083E+06  0.000000E+00  0.000000E+00  0.000000E+00  0.323451E+06
  0.438074E+00  0.300262E+06  0.298758E+06  0.000000E+00  0.000000E+00  0.000000E+00  0.300010E+06
  0.460535E+00  0.277628E+06  0.276221E+06  0.000000E+00  0.000000E+00  0.000000E+00  0.277392E+06
  0.484147E+00  0.256958E+06  0.255661E+06  0.000000E+00  0.000000E+00  0.000000E+00  0.256741E+06
  0.508970E+00  0.237781E+06  0.236583E+06  0.000000E+00  0.000000E+00  0.000000E+00  0.237580E+06
  0.535066E+00  0.219774E+06  0.218663E+06  0.000000E+00  0.000000E+00  0.000000E+00  0.219588E+06
  0.562499E+00  0.203220E+06  0.202196E+06  0.000000E+00  0.000000E+00  0.000000E+00  0.203048E+06
  0.591339E+00  0.187754E+06  0.186806E+06  0.000000E+00  0.000000E+00  0.000000E+00  0.187595E+06
  0.621657E+00  0.173454E+06  0.172579E+06  0.000000E+00  0.000000E+00  0.000000E+00  0.173307E+06
  0.653531E+00  0.160170E+06  0.159362E+06  0.000000E+00  0.000000E+00  0.000000E+00  0.160034E+06
  0.687038E+00  0.147867E+06  0.147122E+06  0.000000E+00  0.000000E+00  0.000000E+00  0.147742E+06
  0.722263E+00  0.136465E+06  0.135777E+06  0.000000E+00  0.000000E+00  0.000000E+00  0.136350E+06
  0.759294E+00  0.125905E+06  0.125270E+06  0.000000E+00  0.000000E+00  0.000000E+00  0.125799E+06
  0.798224E+00  0.116126E+06  0.115541E+06  0.000000E+00  0.000000E+00  0.000000E+00  0.116028E+06
  0.839150E+00  0.107077E+06  0.106537E+06  0.000000E+00  0.000000E+00  0.000000E+00  0.106987E+06
  0.882174E+00  0.987057E+05  0.982081E+05  0.000000E+00  0.000000E+00  0.000000E+00  0.986223E+05
  0.927404E+00  0.909647E+05  0.905062E+05  0.000000E+00  0.000000E+00  0.000000E+00  0.908879E+05
  0.974953E+00  0.838087E+05  0.833863E+05  0.000000E+00  0.000000E+00  0.000000E+00  0.837379E+05
  0.102494E+01  0.771946E+05  0.768056E+05  0.000000E+00  0.000000E+00  0.000000E+00  0.771294E+05
  0.107749E+01  0.710841E+05  0.707258E+05  0.000000E+00  0.000000E+00  0.000000E+00  0.710240E+05
  0.113273E+01  0.654416E+05  0.651118E+05  0.000000E+00  0.000000E+00  0.000000E+00  0.653863E+05
  0.119081E+01  0.602330E+05  0.599295E+05  0.000000E+00  0.000000E+00  0.000000E+00  0.601821E+05
  0.125186E+01  0.554252E+05  0.551459E+05  0.000000E+00  0.000000E+00  0.000000E+00  0.553784E+05
  0.131605E+01  0.509892E+05  0.507323E+05  0.000000E+00  0.000000E+00  0.000000E+00  0.509461E+05
  0.138352E+01  0.468978E+05  0.466615E+05  0.000000E+00  0.000000E+00  0.000000E+00  0.468582E+05
  0.145446E+01  0.431250E+05  0.429078E+05  0.000000E+00  0.000000E+00  0.000000E+00  0.430886E+05
  0.152903E+01  0.396473E+05  0.394476E+05  0.000000E+00  0.000000E+00  0.000000E+00  0.396138E+05
  0.160743E+01  0.364423E+05  0.362587E+05  0.000000E+00  0.000000E+00  0.000000E+00  0.364115E+05
  0.168984E+01  0.334895E+05  0.333207E+05  0.000000E+00  0.000000E+00  0.000000E+00  0.334612E+05
  0.177648E+01  0.307695E+05  0.306145E+05  0.000000E+00  0.000000E+00  0.000000E+00  0.307435E+05
  0.186756E+01  0.282650E+05  0.281226E+05  0.000000E+00  0.000000E+00  0.000000E+00  0.282411E+05
  0.196331E+01  0.259593E+05  0.258286E+05  0.000000E+00  0.000000E+00  0.000000E+00  0.259374E+05
  0.206398E+01  0.238372E+05  0.237171E+05  0.000000E+00  0.000000E+00  0.000000E+00  0.238171E+05
  0.216980E+01  0.218844E+05  0.217742E+05  0.000000E+00  0.000000E+00  0.000000E+00  0.218659E+05
  0.228105E+01  0.200880E+05  0.199868E+05  0.000000E+00  0.000000E+00  0.000000E+00  0.200710E+05
  0.239800E+01  0.184357E+05  0.183428E+05  0.000000E+00  0.000000E+00  0.000000E+00  0.184201E+05
  0.252094E+01  0.169165E+05  0.168313E+05  0.000000E+00  0.000000E+00  0.000000E+00  0.169022E+05
  0.265020E+01  0.155197E+05  0.154415E+05  0.000000E+00  0.000000E+00  0.000000E+00  0.155066E+05
  0.278608E+01  0.142359E+05  0.141642E+05  0.000000E+00  0.000000E+00  0.000000E+00  0.142239E+05
  0.292892E+01  0.130562E+05  0.129904E+05  0.000000E+00  0.000000E+00  0.000000E+00  0.130452E+05
  0.307909E+01  0.119723E+05  0.119120E+05  0.000000E+00  0.000000E+00  0.000000E+00  0.119622E+05
  0.323696E+01  0.109767E+05  0.109214E+05  0.000000E+00  0.000000E+00  0.000000E+00  0.109674E+05
  0.340292E+01  0.100623E+05  0.100116E+05  0.000000E+00  0.000000E+00  0.000000E+00  0.100538E+05
  0.357739E+01  0.922272E+04  0.917623E+04  0.000000E+00  0.000000E+00  0.000000E+00  0.921493E+04
  0.376081E+01  0.845194E+04  0.840933E+04  0.000000E+00  0.000000E+00  0.000000E+00  0.844480E+04
  0.395363E+01  0.774443E+04  0.770538E+04  0.000000E+00  0.000000E+00  0.000000E+00  0.773789E+04
  0.415633E+01  0.709516E+04  0.705938E+04  0.000000E+00  0.000000E+00  0.000000E+00  0.708917E+04
  0.436944E+01  0.649942E+04  0.646663E+04  0.000000E+00  0.000000E+00  0.000000E+00  0.649392E+04
  0.459346E+01  0.595287E+04  0.592284E+04  0.000000E+00  0.000000E+00  0.000000E+00  0.594784E+04
  0.482897E+01  0.545156E+04  0.542405E+04  0.000000E+00  0.000000E+00  0.000000E+00  0.544695E+04
  0.507656E+01  0.499181E+04  0.496661E+04  0.000000E+00  0.000000E+00  0.000000E+00  0.498759E+04
  0.533684E+01  0.457025E+04  0.454717E+04  0.000000E+00  0.000000E+00  0.000000E+00  0.456638E+04
  0.561047E+01  0.418375E+04  0.416262E+04  0.000000E+00  0.000000E+00  0.000000E+00  0.418021E+04
  0.589812E+01  0.382947E+04  0.381012E+04  0.000000E+00  0.000000E+00  0.000000E+00  0.382623E+04
  0.620053E+01  0.350476E+04  0.348704E+04  0.000000E+00  0.000000E+00  0.000000E+00  0.350179E+04
  0.651844E+01  0.320720E+04  0.319098E+04  0.000000E+00  0.000000E+00  0.000000E+00  0.320448E+04
  0.685264E+01  0.293456E+04  0.291972E+04  0.000000E+00  0.000000E+00  0.000000E+00  0.293208E+04
  0.720398E+01  0.268479E+04  0.267120E+04  0.000000E+00  0.000000E+00  0.000000E+00  0.268251E+04
  0.757334E+01  0.245600E+04  0.244356E+04  0.000000E+00  0.000000E+00  0.000000E+00  0.245391E+04
  0.796163E+01  0.224645E+04  0.223506E+04  0.000000E+00  0.000000E+00  0.000000E+00  0.224454E+04
  0.836984E+01  0.205456E+04  0.204414E+04  0.000000E+00  0.000000E+00  0.000000E+00  0.205282E+04
  0.879896E+01  0.187886E+04  0.186932E+04  0.000000E+00  0.000000E+00  0.000000E+00  0.187727E+04
  0.925010E+01  0.171801E+04  0.170928E+04  0.000000E+00  0.000000E+00  0.000000E+00  0.171654E+04
  0.972436E+01  0.157076E+04  0.156277E+04  0.000000E+00  0.000000E+00  0.000000E+00  0.156942E+04
  0.102229E+02  0.143599E+04  0.142867E+04  0.000000E+00  0.000000E+00  0.000000E+00  0.143476E+04
  0.107471E+02  0.131264E+04  0.130595E+04  0.000000E+00  0.000000E+00  0.000000E+00  0.131152E+04
  0.112981E+02  0.119978E+04  0.119365E+04  0.000000E+00  0.000000E+00  0.000000E+00  0.119875E+04
  0.118774E+02  0.109651E+04  0.109090E+04  0.000000E+00  0.000000E+00  0.000000E+00  0.109557E+04
  0.124863E+02  0.100204E+04  0.996904E+03  0.000000E+00  0.000000E+00  0.000000E+00  0.100118E+04
  0.131265E+02  0.915618E+03  0.910917E+03  0.000000E+00  0.000000E+00  0.000000E+00  0.914830E+03
  0.137995E+02  0.836574E+03  0.832270E+03  0.000000E+00  0.000000E+00  0.000000E+00  0.835853E+03
  0.145070E+02  0.764285E+03  0.760343E+03  0.000000E+00  0.000000E+00  0.000000E+00  0.763624E+03
  0.152508E+02  0.698179E+03  0.694569E+03  0.000000E+00  0.000000E+00  0.000000E+00  0.697574E+03
  0.160328E+02  0.637734E+03  0.634427E+03  0.000000E+00  0.000000E+00  0.000000E+00  0.637180E+03
  0.168548E+02  0.582471E+03  0.579442E+03  0.000000E+00  0.000000E+00  0.000000E+00  0.581964E+03
  0.177189E+02  0.531952E+03  0.529176E+03  0.000000E+00  0.000000E+00  0.000000E+00  0.531487E+03
  0.186274E+02  0.485774E+03  0.483229E+03  0.000000E+00  0.000000E+00  0.000000E+00  0.485347E+03
  0.195825E+02  0.443566E+03  0.441233E+03  0.000000E+00  0.000000E+00  0.000000E+00  0.443175E+03
  0.205865E+02  0.404993E+03  0.402853E+03  0.000000E+00  0.000000E+00  0.000000E+00  0.404634E+03
