  0.129107E-04  0.125687E+09  0.125687E+09  0.167431E+09  0.167431E+09  0.000000E+00  0.125687E+09
  0.133554E-04  0.121569E+09  0.121569E+09  0.161936E+09  0.161935E+09  0.000000E+00  0.121569E+09
  0.138302E-04  0.117603E+09  0.117603E+09  0.156642E+09  0.156642E+09  0.000000E+00  0.117603E+09
  0.143366E-04  0.113800E+09  0.113800E+09  0.151564E+09  0.151564E+09  0.000000E+00  0.113800E+09
  0.148763E-04  0.110167E+09  0.110167E+09  0.146713E+09  0.146713E+09  0.000000E+00  0.110167E+09
  0.154509E-04  0.106710E+09  0.106710E+09  0.142096E+09  0.142096E+09  0.000000E+00  0.106710E+09
  0.160619E-04  0.103432E+09  0.103432E+09  0.137717E+09  0.137717E+09  0.000000E+00  0.103432E+09
  0.167113E-04  0.100336E+09  0.100336E+09  0.133580E+09  0.133579E+09  0.000000E+00  0.100336E+09
  0.174008E-04  0.974206E+08  0.974206E+08  0.129682E+09  0.129681E+09  0.000000E+00  0.974206E+08
  0.181323E-04  0.946837E+08  0.946837E+08  0.126020E+09  0.126020E+09  0.000000E+00  0.946837E+08
  0.189079E-04  0.921218E+08  0.921218E+08  0.122592E+09  0.122592E+09  0.000000E+00  0.921218E+08
  0.197296E-04  0.897304E+08  0.897304E+08  0.119389E+09  0.119389E+09  0.000000E+00  0.897304E+08
  0.205996E-04  0.875038E+08  0.875038E+08  0.116404E+09  0.116404E+09  0.000000E+00  0.875038E+08
  0.215202E-04  0.854354E+08  0.854354E+08  0.113629E+09  0.113629E+09  0.000000E+00  0.854354E+08
  0.224939E-04  0.835183E+08  0.835183E+08  0.111053E+09  0.111053E+09  0.000000E+00  0.835183E+08
  0.235232E-04  0.817450E+08  0.817450E+08  0.108668E+09  0.108667E+09  0.000000E+00  0.817450E+08
  0.246106E-04  0.801078E+08  0.801078E+08  0.106461E+09  0.106461E+09  0.000000E+00  0.801078E+08
  0.257591E-04  0.785989E+08  0.785989E+08  0.104423E+09  0.104423E+09  0.000000E+00  0.785989E+08
  0.269716E-04  0.772105E+08  0.772105E+08  0.102543E+09  0.102542E+09  0.000000E+00  0.772105E+08
  0.282511E-04  0.759347E+08  0.759347E+08  0.100810E+09  0.100810E+09  0.000000E+00  0.759347E+08
  0.296009E-04  0.747641E+08  0.747641E+08  0.992139E+08  0.992135E+08  0.000000E+00  0.747641E+08
  0.310244E-04  0.736913E+08  0.736913E+08  0.977446E+08  0.977442E+08  0.000000E+00  0.736913E+08
  0.325252E-04  0.727093E+08  0.727093E+08  0.963922E+08  0.963918E+08  0.000000E+00  0.727093E+08
  0.341072E-04  0.718113E+08  0.718113E+08  0.951474E+08  0.951469E+08  0.000000E+00  0.718113E+08
  0.357742E-04  0.709908E+08  0.709908E+08  0.940010E+08  0.940005E+08  0.000000E+00  0.709908E+08
  0.375305E-04  0.702419E+08  0.702419E+08  0.929445E+08  0.929440E+08  0.000000E+00  0.702419E+08
  0.393805E-04  0.695588E+08  0.695588E+08  0.919698E+08  0.919692E+08  0.000000E+00  0.695588E+08
  0.413289E-04  0.689362E+08  0.689362E+08  0.910690E+08  0.910684E+08  0.000000E+00  0.689362E+08
  0.433805E-04  0.683691E+08  0.683691E+08  0.902349E+08  0.902342E+08  0.000000E+00  0.683691E+08
  0.455405E-04  0.678528E+08  0.678528E+08  0.894604E+08  0.894596E+08  0.000000E+00  0.678528E+08
  0.478142E-04  0.673831E+08  0.673831E+08  0.887390E+08  0.887381E+08  0.000000E+00  0.673831E+08
  0.502075E-04  0.669559E+08  0.669559E+08  0.880644E+08  0.880634E+08  0.000000E+00  0.669559E+08
  0.527262E-04  0.665675E+08  0.665675E+08  0.874307E+08  0.874296E+08  0.000000E+00  0.665675E+08
  0.553768E-04  0.662146E+08  0.662146E+08  0.868322E+08  0.868310E+08  0.000000E+00  0.662146E+08
  0.581657E-04  0.658940E+08  0.658940E+08  0.862635E+08  0.862623E+08  0.000000E+00  0.658940E+08
  0.611001E-04  0.656027E+08  0.656027E+08  0.857195E+08  0.857181E+08  0.000000E+00  0.656027E+08
  0.641872E-04  0.653383E+08  0.653383E+08  0.851951E+08  0.851936E+08  0.000000E+00  0.653383E+08
  0.674348E-04  0.650982E+08  0.650982E+08  0.846855E+08  0.846838E+08  0.000000E+00  0.650982E+08
  0.708509E-04  0.648802E+08  0.648802E+08  0.841859E+08  0.841841E+08  0.000000E+00  0.648802E+08
  0.744443E-04  0.646823E+08  0.646823E+08  0.836917E+08  0.836897E+08  0.000000E+00  0.646823E+08
  0.782237E-04  0.645026E+08  0.645026E+08  0.831983E+08  0.831961E+08  0.000000E+00  0.645026E+08
  0.821987E-04  0.643395E+08  0.643395E+08  0.827010E+08  0.826987E+08  0.000000E+00  0.643395E+08
  0.863793E-04  0.641914E+08  0.641914E+08  0.821954E+08  0.821928E+08  0.000000E+00  0.641914E+08
  0.907758E-04  0.640569E+08  0.640569E+08  0.816768E+08  0.816739E+08  0.000000E+00  0.640569E+08
  0.953993E-04  0.639346E+08  0.639346E+08  0.811404E+08  0.811372E+08  0.000000E+00  0.639346E+08
  0.100261E-03  0.638235E+08  0.638235E+08  0.805813E+08  0.805779E+08  0.000000E+00  0.638235E+08
  0.105374E-03  0.637224E+08  0.637224E+08  0.799947E+08  0.799910E+08  0.000000E+00  0.637224E+08
  0.110750E-03  0.636303E+08  0.636303E+08  0.793755E+08  0.793714E+08  0.000000E+00  0.636303E+08
  0.116404E-03  0.635465E+08  0.635465E+08  0.787182E+08  0.787137E+08  0.000000E+00  0.635465E+08
  0.122348E-03  0.634699E+08  0.634699E+08  0.780174E+08  0.780125E+08  0.000000E+00  0.634699E+08
  0.128598E-03  0.634000E+08  0.634000E+08  0.772674E+08  0.772620E+08  0.000000E+00  0.634000E+08
  0.135170E-03  0.633360E+08  0.633360E+08  0.764621E+08  0.764563E+08  0.000000E+00  0.633360E+08
  0.142079E-03  0.632773E+08  0.632772E+08  0.755954E+08  0.755891E+08  0.000000E+00  0.632773E+08
  0.149344E-03  0.632232E+08  0.632232E+08  0.746609E+08  0.746540E+08  0.000000E+00  0.632232E+08
  0.156983E-03  0.631734E+08  0.631734E+08  0.736518E+08  0.736444E+08  0.000000E+00  0.631734E+08
  0.165014E-03  0.631273E+08  0.631272E+08  0.725613E+08  0.725533E+08  0.000000E+00  0.631272E+08
  0.173457E-03  0.630843E+08  0.630843E+08  0.713825E+08  0.713738E+08  0.000000E+00  0.630843E+08
  0.182335E-03  0.630442E+08  0.630442E+08  0.701081E+08  0.700987E+08  0.000000E+00  0.630442E+08
  0.191668E-03  0.630066E+08  0.630066E+08  0.687311E+08  0.687210E+08  0.000000E+00  0.630066E+08
  0.201480E-03  0.629710E+08  0.629709E+08  0.672444E+08  0.672336E+08  0.000000E+00  0.629710E+08
  0.211797E-03  0.629370E+08  0.629370E+08  0.656412E+08  0.656296E+08  0.000000E+00  0.629370E+08
  0.222643E-03  0.629045E+08  0.629045E+08  0.639149E+08  0.639025E+08  0.000000E+00  0.629045E+08
  0.234045E-03  0.628731E+08  0.628730E+08  0.620598E+08  0.620466E+08  0.000000E+00  0.628730E+08
  0.246033E-03  0.628424E+08  0.628423E+08  0.600707E+08  0.600568E+08  0.000000E+00  0.628424E+08
  0.258636E-03  0.628121E+08  0.628121E+08  0.579437E+08  0.579290E+08  0.000000E+00  0.628121E+08
  0.271886E-03  0.627821E+08  0.627821E+08  0.556763E+08  0.556609E+08  0.000000E+00  0.627821E+08
  0.285816E-03  0.627520E+08  0.627520E+08  0.532677E+08  0.532518E+08  0.000000E+00  0.627520E+08
  0.300460E-03  0.627215E+08  0.627215E+08  0.507196E+08  0.507032E+08  0.000000E+00  0.627215E+08
  0.315856E-03  0.626904E+08  0.626904E+08  0.480362E+08  0.480195E+08  0.000000E+00  0.626904E+08
  0.332041E-03  0.626584E+08  0.626584E+08  0.452250E+08  0.452081E+08  0.000000E+00  0.626584E+08
  0.349057E-03  0.626252E+08  0.626252E+08  0.422973E+08  0.422803E+08  0.000000E+00  0.626252E+08
  0.366945E-03  0.625906E+08  0.625906E+08  0.392683E+08  0.392516E+08  0.000000E+00  0.625906E+08
  0.385751E-03  0.625543E+08  0.625542E+08  0.361581E+08  0.361419E+08  0.000000E+00  0.625542E+08
  0.405522E-03  0.625159E+08  0.625158E+08  0.329918E+08  0.329764E+08  0.000000E+00  0.625159E+08
  0.426307E-03  0.624752E+08  0.624751E+08  0.297993E+08  0.297851E+08  0.000000E+00  0.624752E+08
  0.448157E-03  0.624319E+08  0.624318E+08  0.266160E+08  0.266033E+08  0.000000E+00  0.624319E+08
  0.471129E-03  0.623857E+08  0.623856E+08  0.234815E+08  0.234707E+08  0.000000E+00  0.623857E+08
  0.495278E-03  0.623363E+08  0.623362E+08  0.204398E+08  0.204310E+08  0.000000E+00  0.623363E+08
  0.520666E-03  0.622834E+08  0.622833E+08  0.175370E+08  0.175306E+08  0.000000E+00  0.622834E+08
  0.547356E-03  0.622266E+08  0.622265E+08  0.148202E+08  0.148165E+08  0.000000E+00  0.622266E+08
  0.575414E-03  0.621656E+08  0.621655E+08  0.123349E+08  0.123338E+08  0.000000E+00  0.621656E+08
  0.604911E-03  0.621001E+08  0.620999E+08  0.101217E+08  0.101231E+08  0.000000E+00  0.621000E+08
  0.635921E-03  0.620297E+08  0.620295E+08  0.821312E+07  0.821687E+07  0.000000E+00  0.620296E+08
  0.668521E-03  0.619540E+08  0.619539E+08  0.663003E+07  0.663560E+07  0.000000E+00  0.619540E+08
  0.702793E-03  0.618728E+08  0.618726E+08  0.537789E+07  0.538461E+07  0.000000E+00  0.618728E+08
  0.738822E-03  0.617857E+08  0.617854E+08  0.444415E+07  0.445116E+07  0.000000E+00  0.617856E+08
  0.776698E-03  0.616922E+08  0.616919E+08  0.379679E+07  0.380310E+07  0.000000E+00  0.616921E+08
  0.816517E-03  0.615920E+08  0.615917E+08  0.338498E+07  0.338954E+07  0.000000E+00  0.615920E+08
  0.858378E-03  0.614847E+08  0.614845E+08  0.314251E+07  0.314432E+07  0.000000E+00  0.614847E+08
  0.902384E-03  0.613700E+08  0.613697E+08  0.299417E+07  0.299240E+07  0.000000E+00  0.613699E+08
  0.948647E-03  0.612473E+08  0.612470E+08  0.286523E+07  0.285930E+07  0.000000E+00  0.612473E+08
  0.997282E-03  0.611163E+08  0.611160E+08  0.269271E+07  0.268236E+07  0.000000E+00  0.611163E+08
  0.104841E-02  0.609766E+08  0.609762E+08  0.243676E+07  0.242198E+07  0.000000E+00  0.609765E+08
  0.110216E-02  0.608276E+08  0.608271E+08  0.208922E+07  0.207009E+07  0.000000E+00  0.608275E+08
  0.115867E-02  0.606689E+08  0.606684E+08  0.167614E+07  0.165253E+07  0.000000E+00  0.606688E+08
  0.121807E-02  0.605000E+08  0.604994E+08  0.125152E+07  0.122281E+07  0.000000E+00  0.604999E+08
  0.128052E-02  0.603203E+08  0.603197E+08  0.881697E+06  0.846524E+06  0.000000E+00  0.603202E+08
  0.134617E-02  0.601295E+08  0.601288E+08  0.622835E+06  0.579146E+06  0.000000E+00  0.601293E+08
  0.141519E-02  0.599268E+08  0.599261E+08  0.498346E+06  0.443973E+06  0.000000E+00  0.599267E+08
  0.148775E-02  0.597119E+08  0.597111E+08  0.485903E+06  0.419641E+06  0.000000E+00  0.597118E+08
  0.156402E-02  0.594843E+08  0.594834E+08  0.000000E+00  0.000000E+00  0.000000E+00  0.594841E+08
  0.164421E-02  0.592433E+08  0.592423E+08  0.000000E+00  0.000000E+00  0.000000E+00  0.592431E+08
  0.172851E-02  0.589884E+08  0.589873E+08  0.000000E+00  0.000000E+00  0.000000E+00  0.589882E+08
  0.181713E-02  0.587191E+08  0.587179E+08  0.000000E+00  0.000000E+00  0.000000E+00  0.587189E+08
  0.191030E-02  0.584348E+08  0.584335E+08  0.000000E+00  0.000000E+00  0.000000E+00  0.584346E+08
  0.200824E-02  0.581350E+08  0.581335E+08  0.000000E+00  0.000000E+00  0.000000E+00  0.581347E+08
  0.211120E-02  0.578191E+08  0.578175E+08  0.000000E+00  0.000000E+00  0.000000E+00  0.578188E+08
  0.221944E-02  0.574867E+08  0.574849E+08  0.000000E+00  0.000000E+00  0.000000E+00  0.574864E+08
  0.233324E-02  0.571372E+08  0.571353E+08  0.000000E+00  0.000000E+00  0.000000E+00  0.571369E+08
  0.245286E-02  0.567702E+08  0.567681E+08  0.000000E+00  0.000000E+00  0.000000E+00  0.567699E+08
  0.257862E-02  0.563852E+08  0.563829E+08  0.000000E+00  0.000000E+00  0.000000E+00  0.563848E+08
  0.271083E-02  0.559818E+08  0.559793E+08  0.000000E+00  0.000000E+00  0.000000E+00  0.559814E+08
  0.284982E-02  0.555596E+08  0.555568E+08  0.000000E+00  0.000000E+00  0.000000E+00  0.555591E+08
  0.299593E-02  0.551182E+08  0.551151E+08  0.000000E+00  0.000000E+00  0.000000E+00  0.551177E+08
  0.314953E-02  0.546572E+08  0.546538E+08  0.000000E+00  0.000000E+00  0.000000E+00  0.546566E+08
  0.331101E-02  0.541764E+08  0.541727E+08  0.000000E+00  0.000000E+00  0.000000E+00  0.541757E+08
  0.348077E-02  0.536754E+08  0.536714E+08  0.000000E+00  0.000000E+00  0.000000E+00  0.536747E+08
  0.365923E-02  0.531541E+08  0.531497E+08  0.000000E+00  0.000000E+00  0.000000E+00  0.531533E+08
  0.384684E-02  0.526122E+08  0.526074E+08  0.000000E+00  0.000000E+00  0.000000E+00  0.526114E+08
  0.404407E-02  0.520497E+08  0.520444E+08  0.000000E+00  0.000000E+00  0.000000E+00  0.520488E+08
  0.425142E-02  0.514665E+08  0.514607E+08  0.000000E+00  0.000000E+00  0.000000E+00  0.514655E+08
  0.446939E-02  0.508625E+08  0.508562E+08  0.000000E+00  0.000000E+00  0.000000E+00  0.508614E+08
  0.469854E-02  0.502378E+08  0.502308E+08  0.000000E+00  0.000000E+00  0.000000E+00  0.502366E+08
  0.493944E-02  0.495924E+08  0.495848E+08  0.000000E+00  0.000000E+00  0.000000E+00  0.495911E+08
  0.519269E-02  0.489265E+08  0.489183E+08  0.000000E+00  0.000000E+00  0.000000E+00  0.489251E+08
  0.545892E-02  0.482404E+08  0.482313E+08  0.000000E+00  0.000000E+00  0.000000E+00  0.482388E+08
  0.573881E-02  0.475342E+08  0.475243E+08  0.000000E+00  0.000000E+00  0.000000E+00  0.475325E+08
  0.603304E-02  0.468082E+08  0.467975E+08  0.000000E+00  0.000000E+00  0.000000E+00  0.468064E+08
  0.634236E-02  0.460630E+08  0.460512E+08  0.000000E+00  0.000000E+00  0.000000E+00  0.460610E+08
  0.666754E-02  0.452988E+08  0.452860E+08  0.000000E+00  0.000000E+00  0.000000E+00  0.452966E+08
  0.700940E-02  0.445161E+08  0.445022E+08  0.000000E+00  0.000000E+00  0.000000E+00  0.445138E+08
  0.736877E-02  0.437156E+08  0.437003E+08  0.000000E+00  0.000000E+00  0.000000E+00  0.437130E+08
  0.774658E-02  0.428976E+08  0.428811E+08  0.000000E+00  0.000000E+00  0.000000E+00  0.428948E+08
  0.814376E-02  0.420629E+08  0.420449E+08  0.000000E+00  0.000000E+00  0.000000E+00  0.420599E+08
  0.856129E-02  0.412122E+08  0.411926E+08  0.000000E+00  0.000000E+00  0.000000E+00  0.412089E+08
  0.900024E-02  0.403460E+08  0.403246E+08  0.000000E+00  0.000000E+00  0.000000E+00  0.403424E+08
  0.946169E-02  0.394651E+08  0.394419E+08  0.000000E+00  0.000000E+00  0.000000E+00  0.394612E+08
  0.994680E-02  0.385703E+08  0.385451E+08  0.000000E+00  0.000000E+00  0.000000E+00  0.385660E+08
  0.104568E-01  0.376622E+08  0.376348E+08  0.000000E+00  0.000000E+00  0.000000E+00  0.376576E+08
  0.109929E-01  0.367417E+08  0.367120E+08  0.000000E+00  0.000000E+00  0.000000E+00  0.367367E+08
  0.115565E-01  0.358095E+08  0.357773E+08  0.000000E+00  0.000000E+00  0.000000E+00  0.358041E+08
  0.121490E-01  0.348665E+08  0.348317E+08  0.000000E+00  0.000000E+00  0.000000E+00  0.348607E+08
  0.127719E-01  0.339134E+08  0.338757E+08  0.000000E+00  0.000000E+00  0.000000E+00  0.339071E+08
  0.134268E-01  0.329510E+08  0.329103E+08  0.000000E+00  0.000000E+00  0.000000E+00  0.329442E+08
  0.141152E-01  0.319802E+08  0.319363E+08  0.000000E+00  0.000000E+00  0.000000E+00  0.319729E+08
  0.148389E-01  0.310018E+08  0.309544E+08  0.000000E+00  0.000000E+00  0.000000E+00  0.309939E+08
  0.155997E-01  0.300167E+08  0.299656E+08  0.000000E+00  0.000000E+00  0.000000E+00  0.300081E+08
  0.163995E-01  0.290257E+08  0.289707E+08  0.000000E+00  0.000000E+00  0.000000E+00  0.290164E+08
  0.172403E-01  0.280296E+08  0.279707E+08  0.000000E+00  0.000000E+00  0.000000E+00  0.280197E+08
  0.181242E-01  0.270296E+08  0.269664E+08  0.000000E+00  0.000000E+00  0.000000E+00  0.270190E+08
  0.190535E-01  0.260265E+08  0.259589E+08  0.000000E+00  0.000000E+00  0.000000E+00  0.260152E+08
  0.200304E-01  0.250216E+08  0.249494E+08  0.000000E+00  0.000000E+00  0.000000E+00  0.250095E+08
  0.210574E-01  0.240160E+08  0.239391E+08  0.000000E+00  0.000000E+00  0.000000E+00  0.240031E+08
  0.221370E-01  0.230110E+08  0.229294E+08  0.000000E+00  0.000000E+00  0.000000E+00  0.229974E+08
  0.232720E-01  0.220083E+08  0.219218E+08  0.000000E+00  0.000000E+00  0.000000E+00  0.219938E+08
  0.244652E-01  0.210093E+08  0.209181E+08  0.000000E+00  0.000000E+00  0.000000E+00  0.209941E+08
  0.257195E-01  0.200163E+08  0.199203E+08  0.000000E+00  0.000000E+00  0.000000E+00  0.200002E+08
  0.270382E-01  0.190311E+08  0.189306E+08  0.000000E+00  0.000000E+00  0.000000E+00  0.190143E+08
  0.284245E-01  0.180565E+08  0.179516E+08  0.000000E+00  0.000000E+00  0.000000E+00  0.180389E+08
  0.298818E-01  0.170951E+08  0.169863E+08  0.000000E+00  0.000000E+00  0.000000E+00  0.170769E+08
  0.314139E-01  0.161503E+08  0.160379E+08  0.000000E+00  0.000000E+00  0.000000E+00  0.161314E+08
  0.330245E-01  0.152254E+08  0.151101E+08  0.000000E+00  0.000000E+00  0.000000E+00  0.152061E+08
  0.347178E-01  0.143245E+08  0.142070E+08  0.000000E+00  0.000000E+00  0.000000E+00  0.143048E+08
  0.364977E-01  0.134519E+08  0.133331E+08  0.000000E+00  0.000000E+00  0.000000E+00  0.134320E+08
  0.383690E-01  0.126123E+08  0.124932E+08  0.000000E+00  0.000000E+00  0.000000E+00  0.125924E+08
  0.403363E-01  0.118106E+08  0.116923E+08  0.000000E+00  0.000000E+00  0.000000E+00  0.117908E+08
  0.424044E-01  0.110516E+08  0.109355E+08  0.000000E+00  0.000000E+00  0.000000E+00  0.110321E+08
  0.445785E-01  0.103369E+08  0.102242E+08  0.000000E+00  0.000000E+00  0.000000E+00  0.103180E+08
  0.468640E-01  0.967677E+07  0.956889E+07  0.000000E+00  0.000000E+00  0.000000E+00  0.965869E+07
  0.492668E-01  0.907480E+07  0.897316E+07  0.000000E+00  0.000000E+00  0.000000E+00  0.905776E+07
  0.517928E-01  0.852894E+07  0.843485E+07  0.000000E+00  0.000000E+00  0.000000E+00  0.851317E+07
  0.544483E-01  0.803434E+07  0.794895E+07  0.000000E+00  0.000000E+00  0.000000E+00  0.802003E+07
  0.572399E-01  0.758477E+07  0.750898E+07  0.000000E+00  0.000000E+00  0.000000E+00  0.757207E+07
  0.601746E-01  0.717412E+07  0.710850E+07  0.000000E+00  0.000000E+00  0.000000E+00  0.716312E+07
  0.632598E-01  0.679756E+07  0.674224E+07  0.000000E+00  0.000000E+00  0.000000E+00  0.678829E+07
  0.665033E-01  0.645203E+07  0.640667E+07  0.000000E+00  0.000000E+00  0.000000E+00  0.644443E+07
  0.699130E-01  0.613519E+07  0.609890E+07  0.000000E+00  0.000000E+00  0.000000E+00  0.612911E+07
  0.734975E-01  0.584234E+07  0.581375E+07  0.000000E+00  0.000000E+00  0.000000E+00  0.583755E+07
  0.772657E-01  0.556286E+07  0.554015E+07  0.000000E+00  0.000000E+00  0.000000E+00  0.555905E+07
  0.812272E-01  0.527995E+07  0.526097E+07  0.000000E+00  0.000000E+00  0.000000E+00  0.527677E+07
  0.853919E-01  0.497730E+07  0.495980E+07  0.000000E+00  0.000000E+00  0.000000E+00  0.497436E+07
  0.897700E-01  0.464931E+07  0.463122E+07  0.000000E+00  0.000000E+00  0.000000E+00  0.464628E+07
  0.943726E-01  0.430500E+07  0.428470E+07  0.000000E+00  0.000000E+00  0.000000E+00  0.430160E+07
  0.992112E-01  0.396058E+07  0.393717E+07  0.000000E+00  0.000000E+00  0.000000E+00  0.395665E+07
  0.104298E+00  0.363429E+07  0.360776E+07  0.000000E+00  0.000000E+00  0.000000E+00  0.362984E+07
  0.109645E+00  0.332562E+07  0.329685E+07  0.000000E+00  0.000000E+00  0.000000E+00  0.332080E+07
  0.115267E+00  0.305261E+07  0.302322E+07  0.000000E+00  0.000000E+00  0.000000E+00  0.304768E+07
  0.121177E+00  0.282404E+07  0.279603E+07  0.000000E+00  0.000000E+00  0.000000E+00  0.281935E+07
  0.127390E+00  0.263999E+07  0.261520E+07  0.000000E+00  0.000000E+00  0.000000E+00  0.263583E+07
  0.133921E+00  0.249766E+07  0.247732E+07  0.000000E+00  0.000000E+00  0.000000E+00  0.249425E+07
  0.140787E+00  0.238116E+07  0.236544E+07  0.000000E+00  0.000000E+00  0.000000E+00  0.237852E+07
  0.148006E+00  0.226204E+07  0.225004E+07  0.000000E+00  0.000000E+00  0.000000E+00  0.226003E+07
  0.155594E+00  0.212522E+07  0.211527E+07  0.000000E+00  0.000000E+00  0.000000E+00  0.212356E+07
  0.163572E+00  0.197210E+07  0.196239E+07  0.000000E+00  0.000000E+00  0.000000E+00  0.197047E+07
  0.171958E+00  0.180636E+07  0.179568E+07  0.000000E+00  0.000000E+00  0.000000E+00  0.180457E+07
  0.180775E+00  0.164152E+07  0.162969E+07  0.000000E+00  0.000000E+00  0.000000E+00  0.163953E+07
  0.190043E+00  0.150139E+07  0.148925E+07  0.000000E+00  0.000000E+00  0.000000E+00  0.149935E+07
  0.199787E+00  0.139128E+07  0.138006E+07  0.000000E+00  0.000000E+00  0.000000E+00  0.138940E+07
  0.210030E+00  0.130575E+07  0.129630E+07  0.000000E+00  0.000000E+00  0.000000E+00  0.130416E+07
  0.220799E+00  0.122925E+07  0.122155E+07  0.000000E+00  0.000000E+00  0.000000E+00  0.122796E+07
  0.232119E+00  0.114802E+07  0.114130E+07  0.000000E+00  0.000000E+00  0.000000E+00  0.114690E+07
  0.244020E+00  0.105889E+07  0.105233E+07  0.000000E+00  0.000000E+00  0.000000E+00  0.105779E+07
  0.256531E+00  0.968556E+06  0.961879E+06  0.000000E+00  0.000000E+00  0.000000E+00  0.967437E+06
  0.269684E+00  0.890987E+06  0.884552E+06  0.000000E+00  0.000000E+00  0.000000E+00  0.889908E+06
  0.283511E+00  0.827075E+06  0.821330E+06  0.000000E+00  0.000000E+00  0.000000E+00  0.826112E+06
  0.298047E+00  0.770848E+06  0.765838E+06  0.000000E+00  0.000000E+00  0.000000E+00  0.770008E+06
  0.313328E+00  0.713829E+06  0.709244E+06  0.000000E+00  0.000000E+00  0.000000E+00  0.713061E+06
  0.329393E+00  0.657152E+06  0.652760E+06  0.000000E+00  0.000000E+00  0.000000E+00  0.656416E+06
  0.346281E+00  0.605248E+06  0.601108E+06  0.000000E+00  0.000000E+00  0.000000E+00  0.604554E+06
  0.364035E+00  0.559960E+06  0.556202E+06  0.000000E+00  0.000000E+00  0.000000E+00  0.559330E+06
  0.382700E+00  0.518141E+06  0.514729E+06  0.000000E+00  0.000000E+00  0.000000E+00  0.517569E+06
  0.402321E+00  0.477910E+06  0.474736E+06  0.000000E+00  0.000000E+00  0.000000E+00  0.477378E+06
  0.422949E+00  0.440482E+06  0.437529E+06  0.000000E+00  0.000000E+00  0.000000E+00  0.439987E+06
  0.444634E+00  0.406545E+06  0.403837E+06  0.000000E+00  0.000000E+00  0.000000E+00  0.406091E+06
  0.467431E+00  0.375098E+06  0.372610E+06  0.000000E+00  0.000000E+00  0.000000E+00  0.374681E+06
  0.491396E+00  0.345663E+06  0.343362E+06  0.000000E+00  0.000000E+00  0.000000E+00  0.345277E+06
  0.516591E+00  0.318587E+06  0.316468E+06  0.000000E+00  0.000000E+00  0.000000E+00  0.318232E+06
  0.543077E+00  0.293595E+06  0.291646E+06  0.000000E+00  0.000000E+00  0.000000E+00  0.293268E+06
  0.570921E+00  0.270431E+06  0.268635E+06  0.000000E+00  0.000000E+00  0.000000E+00  0.270130E+06
  0.600193E+00  0.249039E+06  0.247386E+06  0.000000E+00  0.000000E+00  0.000000E+00  0.248762E+06
  0.630965E+00  0.229296E+06  0.227774E+06  0.000000E+00  0.000000E+00  0.000000E+00  0.229041E+06
  0.663316E+00  0.211058E+06  0.209658E+06  0.000000E+00  0.000000E+00  0.000000E+00  0.210823E+06
  0.697325E+00  0.194230E+06  0.192942E+06  0.000000E+00  0.000000E+00  0.000000E+00  0.194014E+06
  0.733077E+00  0.178705E+06  0.177520E+06  0.000000E+00  0.000000E+00  0.000000E+00  0.178506E+06
  0.770663E+00  0.164385E+06  0.163296E+06  0.000000E+00  0.000000E+00  0.000000E+00  0.164202E+06
  0.810176E+00  0.151178E+06  0.150177E+06  0.000000E+00  0.000000E+00  0.000000E+00  0.151010E+06
  0.851714E+00  0.139000E+06  0.138080E+06  0.000000E+00  0.000000E+00  0.000000E+00  0.138846E+06
  0.895383E+00  0.127776E+06  0.126930E+06  0.000000E+00  0.000000E+00  0.000000E+00  0.127634E+06
  0.941289E+00  0.117429E+06  0.116652E+06  0.000000E+00  0.000000E+00  0.000000E+00  0.117299E+06
  0.989550E+00  0.107899E+06  0.107185E+06  0.000000E+00  0.000000E+00  0.000000E+00  0.107779E+06
  0.104029E+01  0.991236E+05  0.984681E+05  0.000000E+00  0.000000E+00  0.000000E+00  0.990138E+05
  0.109362E+01  0.910463E+05  0.904443E+05  0.000000E+00  0.000000E+00  0.000000E+00  0.909454E+05
  0.114969E+01  0.836124E+05  0.830597E+05  0.000000E+00  0.000000E+00  0.000000E+00  0.835198E+05
  0.120864E+01  0.767700E+05  0.762627E+05  0.000000E+00  0.000000E+00  0.000000E+00  0.766850E+05
  0.127061E+01  0.704729E+05  0.700073E+05  0.000000E+00  0.000000E+00  0.000000E+00  0.703948E+05
  0.133575E+01  0.646793E+05  0.642521E+05  0.000000E+00  0.000000E+00  0.000000E+00  0.646077E+05
  0.140424E+01  0.593527E+05  0.589607E+05  0.000000E+00  0.000000E+00  0.000000E+00  0.592870E+05
  0.147624E+01  0.544567E+05  0.540971E+05  0.000000E+00  0.000000E+00  0.000000E+00  0.543964E+05
  0.155192E+01  0.499563E+05  0.496265E+05  0.000000E+00  0.000000E+00  0.000000E+00  0.499010E+05
  0.163149E+01  0.458193E+05  0.455169E+05  0.000000E+00  0.000000E+00  0.000000E+00  0.457686E+05
  0.171514E+01  0.420176E+05  0.417403E+05  0.000000E+00  0.000000E+00  0.000000E+00  0.419711E+05
  0.180308E+01  0.385262E+05  0.382720E+05  0.000000E+00  0.000000E+00  0.000000E+00  0.384836E+05
  0.189553E+01  0.353198E+05  0.350869E+05  0.000000E+00  0.000000E+00  0.000000E+00  0.352808E+05
  0.199271E+01  0.323750E+05  0.321614E+05  0.000000E+00  0.000000E+00  0.000000E+00  0.323392E+05
  0.209488E+01  0.296708E+05  0.294751E+05  0.000000E+00  0.000000E+00  0.000000E+00  0.296380E+05
  0.220229E+01  0.271890E+05  0.270097E+05  0.000000E+00  0.000000E+00  0.000000E+00  0.271589E+05
  0.231520E+01  0.249111E+05  0.247468E+05  0.000000E+00  0.000000E+00  0.000000E+00  0.248835E+05
  0.243390E+01  0.228205E+05  0.226701E+05  0.000000E+00  0.000000E+00  0.000000E+00  0.227953E+05
  0.255869E+01  0.209028E+05  0.207650E+05  0.000000E+00  0.000000E+00  0.000000E+00  0.208797E+05
  0.268988E+01  0.191436E+05  0.190174E+05  0.000000E+00  0.000000E+00  0.000000E+00  0.191224E+05
  0.282779E+01  0.175301E+05  0.174146E+05  0.000000E+00  0.000000E+00  0.000000E+00  0.175108E+05
  0.297277E+01  0.160507E+05  0.159449E+05  0.000000E+00  0.000000E+00  0.000000E+00  0.160329E+05
  0.312519E+01  0.146941E+05  0.145973E+05  0.000000E+00  0.000000E+00  0.000000E+00  0.146779E+05
  0.328542E+01  0.134506E+05  0.133620E+05  0.000000E+00  0.000000E+00  0.000000E+00  0.134358E+05
  0.345387E+01  0.123108E+05  0.122297E+05  0.000000E+00  0.000000E+00  0.000000E+00  0.122972E+05
  0.363095E+01  0.112662E+05  0.111919E+05  0.000000E+00  0.000000E+00  0.000000E+00  0.112537E+05
  0.381712E+01  0.103090E+05  0.102410E+05  0.000000E+00  0.000000E+00  0.000000E+00  0.102976E+05
  0.401283E+01  0.943199E+04  0.936984E+04  0.000000E+00  0.000000E+00  0.000000E+00  0.942158E+04
  0.421857E+01  0.862868E+04  0.857181E+04  0.000000E+00  0.000000E+00  0.000000E+00  0.861915E+04
  0.443486E+01  0.789291E+04  0.784089E+04  0.000000E+00  0.000000E+00  0.000000E+00  0.788419E+04
  0.466224E+01  0.721910E+04  0.717152E+04  0.000000E+00  0.000000E+00  0.000000E+00  0.721113E+04
  0.490128E+01  0.660210E+04  0.655857E+04  0.000000E+00  0.000000E+00  0.000000E+00  0.659480E+04
  0.515257E+01  0.603716E+04  0.599735E+04  0.000000E+00  0.000000E+00  0.000000E+00  0.603049E+04
  0.541675E+01  0.551998E+04  0.548358E+04  0.000000E+00  0.000000E+00  0.000000E+00  0.551388E+04
  0.569447E+01  0.504660E+04  0.501331E+04  0.000000E+00  0.000000E+00  0.000000E+00  0.504102E+04
  0.598643E+01  0.461336E+04  0.458291E+04  0.000000E+00  0.000000E+00  0.000000E+00  0.460826E+04
  0.629336E+01  0.421691E+04  0.418907E+04  0.000000E+00  0.000000E+00  0.000000E+00  0.421225E+04
  0.661603E+01  0.385416E+04  0.382870E+04  0.000000E+00  0.000000E+00  0.000000E+00  0.384989E+04
  0.695524E+01  0.352227E+04  0.349900E+04  0.000000E+00  0.000000E+00  0.000000E+00  0.351837E+04
  0.731184E+01  0.321864E+04  0.319736E+04  0.000000E+00  0.000000E+00  0.000000E+00  0.321507E+04
  0.768673E+01  0.294091E+04  0.292146E+04  0.000000E+00  0.000000E+00  0.000000E+00  0.293765E+04
  0.808084E+01  0.268692E+04  0.266914E+04  0.000000E+00  0.000000E+00  0.000000E+00  0.268394E+04
  0.849515E+01  0.245465E+04  0.243839E+04  0.000000E+00  0.000000E+00  0.000000E+00  0.245193E+04
  0.893070E+01  0.224226E+04  0.222740E+04  0.000000E+00  0.000000E+00  0.000000E+00  0.223977E+04
  0.938859E+01  0.204806E+04  0.203447E+04  0.000000E+00  0.000000E+00  0.000000E+00  0.204579E+04
  0.986996E+01  0.187052E+04  0.185810E+04  0.000000E+00  0.000000E+00  0.000000E+00  0.186844E+04
  0.103760E+02  0.170824E+04  0.169687E+04  0.000000E+00  0.000000E+00  0.000000E+00  0.170633E+04
  0.109080E+02  0.155991E+04  0.154952E+04  0.000000E+00  0.000000E+00  0.000000E+00  0.155816E+04
  0.114673E+02  0.142434E+04  0.141484E+04  0.000000E+00  0.000000E+00  0.000000E+00  0.142275E+04
  0.120552E+02  0.130044E+04  0.129175E+04  0.000000E+00  0.000000E+00  0.000000E+00  0.129898E+04
  0.126733E+02  0.118723E+04  0.117928E+04  0.000000E+00  0.000000E+00  0.000000E+00  0.118590E+04
  0.133231E+02  0.108379E+04  0.107652E+04  0.000000E+00  0.000000E+00  0.000000E+00  0.108257E+04
  0.140061E+02  0.989292E+03  0.982642E+03  0.000000E+00  0.000000E+00  0.000000E+00  0.988178E+03
  0.147242E+02  0.902960E+03  0.896876E+03  0.000000E+00  0.000000E+00  0.000000E+00  0.901941E+03
  0.154792E+02  0.824100E+03  0.818532E+03  0.000000E+00  0.000000E+00  0.000000E+00  0.823167E+03
  0.162728E+02  0.752076E+03  0.746978E+03  0.000000E+00  0.000000E+00  0.000000E+00  0.751221E+03
  0.171071E+02  0.686295E+03  0.681628E+03  0.000000E+00  0.000000E+00  0.000000E+00  0.685513E+03
  0.179842E+02  0.626220E+03  0.621945E+03  0.000000E+00  0.000000E+00  0.000000E+00  0.625503E+03
  0.189063E+02  0.571365E+03  0.567449E+03  0.000000E+00  0.000000E+00  0.000000E+00  0.570709E+03
  0.198757E+02  0.521280E+03  0.517691E+03  0.000000E+00  0.000000E+00  0.000000E+00  0.520679E+03
  0.208947E+02  0.475550E+03  0.472260E+03  0.000000E+00  0.000000E+00  0.000000E+00  0.474999E+03
