  0.127740E-04  0.361940E+08  0.361940E+08  0.482153E+08  0.482153E+08  0.000000E+00  0.361940E+08
  0.132093E-04  0.350077E+08  0.350077E+08  0.466321E+08  0.466320E+08  0.000000E+00  0.350077E+08
  0.136742E-04  0.338636E+08  0.338636E+08  0.451050E+08  0.451049E+08  0.000000E+00  0.338636E+08
  0.141704E-04  0.327649E+08  0.327649E+08  0.436382E+08  0.436381E+08  0.000000E+00  0.327649E+08
  0.146992E-04  0.317140E+08  0.317140E+08  0.422350E+08  0.422349E+08  0.000000E+00  0.317140E+08
  0.152624E-04  0.307129E+08  0.307129E+08  0.408979E+08  0.408979E+08  0.000000E+00  0.307129E+08
  0.158615E-04  0.297626E+08  0.297626E+08  0.396285E+08  0.396285E+08  0.000000E+00  0.297626E+08
  0.164984E-04  0.288639E+08  0.288639E+08  0.384276E+08  0.384275E+08  0.000000E+00  0.288639E+08
  0.171748E-04  0.280168E+08  0.280168E+08  0.372951E+08  0.372950E+08  0.000000E+00  0.280168E+08
  0.178926E-04  0.272208E+08  0.272208E+08  0.362304E+08  0.362303E+08  0.000000E+00  0.272208E+08
  0.186538E-04  0.264750E+08  0.264750E+08  0.352324E+08  0.352323E+08  0.000000E+00  0.264750E+08
  0.194604E-04  0.257783E+08  0.257783E+08  0.342994E+08  0.342993E+08  0.000000E+00  0.257783E+08
  0.203147E-04  0.251291E+08  0.251291E+08  0.334293E+08  0.334292E+08  0.000000E+00  0.251291E+08
  0.212188E-04  0.245255E+08  0.245255E+08  0.326196E+08  0.326195E+08  0.000000E+00  0.245255E+08
  0.221752E-04  0.239657E+08  0.239657E+08  0.318678E+08  0.318677E+08  0.000000E+00  0.239657E+08
  0.231863E-04  0.234476E+08  0.234476E+08  0.311710E+08  0.311708E+08  0.000000E+00  0.234476E+08
  0.242548E-04  0.229690E+08  0.229690E+08  0.305262E+08  0.305260E+08  0.000000E+00  0.229690E+08
  0.253833E-04  0.225276E+08  0.225276E+08  0.299303E+08  0.299302E+08  0.000000E+00  0.225276E+08
  0.265749E-04  0.221213E+08  0.221213E+08  0.293804E+08  0.293803E+08  0.000000E+00  0.221213E+08
  0.278325E-04  0.217478E+08  0.217478E+08  0.288735E+08  0.288733E+08  0.000000E+00  0.217478E+08
  0.291594E-04  0.214049E+08  0.214049E+08  0.284064E+08  0.284062E+08  0.000000E+00  0.214049E+08
  0.305588E-04  0.210905E+08  0.210905E+08  0.279764E+08  0.279761E+08  0.000000E+00  0.210905E+08
  0.320344E-04  0.208027E+08  0.208027E+08  0.275805E+08  0.275802E+08  0.000000E+00  0.208027E+08
  0.335899E-04  0.205394E+08  0.205394E+08  0.272161E+08  0.272158E+08  0.000000E+00  0.205394E+08
  0.352291E-04  0.202988E+08  0.202988E+08  0.268805E+08  0.268802E+08  0.000000E+00  0.202988E+08
  0.369563E-04  0.200791E+08  0.200791E+08  0.265713E+08  0.265710E+08  0.000000E+00  0.200791E+08
  0.387757E-04  0.198787E+08  0.198787E+08  0.262862E+08  0.262858E+08  0.000000E+00  0.198787E+08
  0.406919E-04  0.196960E+08  0.196960E+08  0.260227E+08  0.260223E+08  0.000000E+00  0.196960E+08
  0.427098E-04  0.195296E+08  0.195296E+08  0.257789E+08  0.257785E+08  0.000000E+00  0.195296E+08
  0.448344E-04  0.193781E+08  0.193781E+08  0.255526E+08  0.255522E+08  0.000000E+00  0.193781E+08
  0.470710E-04  0.192402E+08  0.192402E+08  0.253421E+08  0.253416E+08  0.000000E+00  0.192402E+08
  0.494252E-04  0.191148E+08  0.191148E+08  0.251454E+08  0.251448E+08  0.000000E+00  0.191148E+08
  0.519030E-04  0.190008E+08  0.190008E+08  0.249608E+08  0.249602E+08  0.000000E+00  0.190008E+08
  0.545105E-04  0.188972E+08  0.188972E+08  0.247868E+08  0.247861E+08  0.000000E+00  0.188972E+08
  0.572542E-04  0.188031E+08  0.188031E+08  0.246216E+08  0.246209E+08  0.000000E+00  0.188031E+08
  0.601411E-04  0.187177E+08  0.187177E+08  0.244639E+08  0.244632E+08  0.000000E+00  0.187177E+08
  0.631783E-04  0.186401E+08  0.186401E+08  0.243122E+08  0.243114E+08  0.000000E+00  0.186401E+08
  0.663734E-04  0.185697E+08  0.185697E+08  0.241651E+08  0.241642E+08  0.000000E+00  0.185697E+08
  0.697345E-04  0.185058E+08  0.185058E+08  0.240212E+08  0.240202E+08  0.000000E+00  0.185058E+08
  0.732700E-04  0.184479E+08  0.184479E+08  0.238792E+08  0.238780E+08  0.000000E+00  0.184479E+08
  0.769886E-04  0.183953E+08  0.183953E+08  0.237377E+08  0.237365E+08  0.000000E+00  0.183953E+08
  0.808998E-04  0.183476E+08  0.183476E+08  0.235955E+08  0.235941E+08  0.000000E+00  0.183476E+08
  0.850132E-04  0.183044E+08  0.183044E+08  0.234512E+08  0.234497E+08  0.000000E+00  0.183044E+08
  0.893391E-04  0.182652E+08  0.182652E+08  0.233035E+08  0.233019E+08  0.000000E+00  0.182652E+08
  0.938885E-04  0.182296E+08  0.182296E+08  0.231510E+08  0.231493E+08  0.000000E+00  0.182296E+08
  0.986726E-04  0.181973E+08  0.181973E+08  0.229925E+08  0.229905E+08  0.000000E+00  0.181973E+08
  0.103703E-03  0.181680E+08  0.181680E+08  0.228264E+08  0.228242E+08  0.000000E+00  0.181680E+08
  0.108994E-03  0.181415E+08  0.181415E+08  0.226513E+08  0.226489E+08  0.000000E+00  0.181415E+08
  0.114556E-03  0.181173E+08  0.181173E+08  0.224657E+08  0.224631E+08  0.000000E+00  0.181173E+08
  0.120405E-03  0.180954E+08  0.180954E+08  0.222680E+08  0.222653E+08  0.000000E+00  0.180954E+08
  0.126556E-03  0.180755E+08  0.180755E+08  0.220567E+08  0.220537E+08  0.000000E+00  0.180755E+08
  0.133022E-03  0.180575E+08  0.180575E+08  0.218300E+08  0.218267E+08  0.000000E+00  0.180575E+08
  0.139822E-03  0.180410E+08  0.180410E+08  0.215862E+08  0.215826E+08  0.000000E+00  0.180410E+08
  0.146970E-03  0.180260E+08  0.180260E+08  0.213234E+08  0.213195E+08  0.000000E+00  0.180260E+08
  0.154487E-03  0.180124E+08  0.180124E+08  0.210398E+08  0.210356E+08  0.000000E+00  0.180124E+08
  0.162390E-03  0.179999E+08  0.179999E+08  0.207334E+08  0.207288E+08  0.000000E+00  0.179999E+08
  0.170698E-03  0.179885E+08  0.179885E+08  0.204023E+08  0.203973E+08  0.000000E+00  0.179885E+08
  0.179434E-03  0.179780E+08  0.179780E+08  0.200444E+08  0.200390E+08  0.000000E+00  0.179780E+08
  0.188618E-03  0.179684E+08  0.179684E+08  0.196576E+08  0.196518E+08  0.000000E+00  0.179684E+08
  0.198274E-03  0.179596E+08  0.179596E+08  0.192401E+08  0.192339E+08  0.000000E+00  0.179596E+08
  0.208426E-03  0.179514E+08  0.179514E+08  0.187898E+08  0.187831E+08  0.000000E+00  0.179514E+08
  0.219099E-03  0.179438E+08  0.179438E+08  0.183049E+08  0.182978E+08  0.000000E+00  0.179438E+08
  0.230319E-03  0.179367E+08  0.179367E+08  0.177836E+08  0.177761E+08  0.000000E+00  0.179367E+08
  0.242116E-03  0.179301E+08  0.179300E+08  0.172246E+08  0.172166E+08  0.000000E+00  0.179301E+08
  0.254518E-03  0.179238E+08  0.179238E+08  0.166266E+08  0.166182E+08  0.000000E+00  0.179238E+08
  0.267557E-03  0.179178E+08  0.179178E+08  0.159889E+08  0.159801E+08  0.000000E+00  0.179178E+08
  0.281264E-03  0.179122E+08  0.179121E+08  0.153111E+08  0.153020E+08  0.000000E+00  0.179122E+08
  0.295675E-03  0.179067E+08  0.179067E+08  0.145937E+08  0.145844E+08  0.000000E+00  0.179067E+08
  0.310825E-03  0.179013E+08  0.179013E+08  0.138378E+08  0.138282E+08  0.000000E+00  0.179013E+08
  0.326752E-03  0.178961E+08  0.178961E+08  0.130452E+08  0.130355E+08  0.000000E+00  0.178961E+08
  0.343497E-03  0.178909E+08  0.178909E+08  0.122190E+08  0.122093E+08  0.000000E+00  0.178909E+08
  0.361100E-03  0.178858E+08  0.178858E+08  0.113635E+08  0.113539E+08  0.000000E+00  0.178858E+08
  0.379607E-03  0.178806E+08  0.178806E+08  0.104840E+08  0.104748E+08  0.000000E+00  0.178806E+08
  0.399062E-03  0.178753E+08  0.178753E+08  0.958749E+07  0.957872E+07  0.000000E+00  0.178753E+08
  0.419516E-03  0.178699E+08  0.178699E+08  0.868221E+07  0.867410E+07  0.000000E+00  0.178699E+08
  0.441018E-03  0.178643E+08  0.178643E+08  0.777792E+07  0.777066E+07  0.000000E+00  0.178643E+08
  0.463623E-03  0.178585E+08  0.178585E+08  0.688569E+07  0.687947E+07  0.000000E+00  0.178585E+08
  0.487388E-03  0.178524E+08  0.178524E+08  0.601772E+07  0.601272E+07  0.000000E+00  0.178524E+08
  0.512371E-03  0.178461E+08  0.178460E+08  0.518699E+07  0.518337E+07  0.000000E+00  0.178461E+08
  0.538635E-03  0.178393E+08  0.178393E+08  0.440676E+07  0.440463E+07  0.000000E+00  0.178393E+08
  0.566246E-03  0.178322E+08  0.178322E+08  0.368991E+07  0.368931E+07  0.000000E+00  0.178322E+08
  0.595273E-03  0.178246E+08  0.178246E+08  0.304812E+07  0.304901E+07  0.000000E+00  0.178246E+08
  0.625789E-03  0.178166E+08  0.178165E+08  0.249089E+07  0.249311E+07  0.000000E+00  0.178166E+08
  0.657870E-03  0.178079E+08  0.178079E+08  0.202452E+07  0.202783E+07  0.000000E+00  0.178079E+08
  0.691595E-03  0.177987E+08  0.177987E+08  0.165117E+07  0.165521E+07  0.000000E+00  0.177987E+08
  0.727050E-03  0.177889E+08  0.177888E+08  0.136800E+07  0.137230E+07  0.000000E+00  0.177888E+08
  0.764323E-03  0.177783E+08  0.177782E+08  0.116674E+07  0.117078E+07  0.000000E+00  0.177783E+08
  0.803507E-03  0.177669E+08  0.177669E+08  0.103383E+07  0.103708E+07  0.000000E+00  0.177669E+08
  0.844700E-03  0.177548E+08  0.177547E+08  0.951249E+06  0.953227E+06  0.000000E+00  0.177548E+08
  0.888005E-03  0.177417E+08  0.177416E+08  0.898251E+06  0.898619E+06  0.000000E+00  0.177417E+08
  0.933531E-03  0.177277E+08  0.177276E+08  0.853890E+06  0.852518E+06  0.000000E+00  0.177277E+08
  0.981391E-03  0.177127E+08  0.177126E+08  0.800145E+06  0.797156E+06  0.000000E+00  0.177127E+08
  0.103171E-02  0.176966E+08  0.176965E+08  0.725100E+06  0.720860E+06  0.000000E+00  0.176966E+08
  0.108460E-02  0.176794E+08  0.176792E+08  0.625423E+06  0.620459E+06  0.000000E+00  0.176793E+08
  0.114021E-02  0.176609E+08  0.176607E+08  0.507258E+06  0.502100E+06  0.000000E+00  0.176608E+08
  0.119866E-02  0.176410E+08  0.176409E+08  0.384744E+06  0.379713E+06  0.000000E+00  0.176410E+08
  0.126012E-02  0.176198E+08  0.176196E+08  0.275919E+06  0.270931E+06  0.000000E+00  0.176198E+08
  0.132472E-02  0.175971E+08  0.175969E+08  0.196629E+06  0.191116E+06  0.000000E+00  0.175970E+08
  0.139264E-02  0.175728E+08  0.175725E+08  0.154250E+06  0.147289E+06  0.000000E+00  0.175727E+08
  0.146404E-02  0.175467E+08  0.175465E+08  0.143810E+06  0.134513E+06  0.000000E+00  0.175467E+08
  0.153910E-02  0.175189E+08  0.175186E+08  0.000000E+00  0.000000E+00  0.000000E+00  0.175189E+08
  0.161801E-02  0.174892E+08  0.174889E+08  0.000000E+00  0.000000E+00  0.000000E+00  0.174892E+08
  0.170097E-02  0.174575E+08  0.174572E+08  0.000000E+00  0.000000E+00  0.000000E+00  0.174574E+08
  0.178818E-02  0.174236E+08  0.174233E+08  0.000000E+00  0.000000E+00  0.000000E+00  0.174236E+08
  0.187986E-02  0.173876E+08  0.173871E+08  0.000000E+00  0.000000E+00  0.000000E+00  0.173875E+08
  0.197624E-02  0.173491E+08  0.173486E+08  0.000000E+00  0.000000E+00  0.000000E+00  0.173490E+08
  0.207756E-02  0.173081E+08  0.173076E+08  0.000000E+00  0.000000E+00  0.000000E+00  0.173080E+08
  0.218408E-02  0.172645E+08  0.172640E+08  0.000000E+00  0.000000E+00  0.000000E+00  0.172644E+08
  0.229606E-02  0.172181E+08  0.172175E+08  0.000000E+00  0.000000E+00  0.000000E+00  0.172180E+08
  0.241377E-02  0.171689E+08  0.171682E+08  0.000000E+00  0.000000E+00  0.000000E+00  0.171688E+08
  0.253753E-02  0.171166E+08  0.171158E+08  0.000000E+00  0.000000E+00  0.000000E+00  0.171164E+08
  0.266763E-02  0.170610E+08  0.170602E+08  0.000000E+00  0.000000E+00  0.000000E+00  0.170609E+08
  0.280440E-02  0.170022E+08  0.170013E+08  0.000000E+00  0.000000E+00  0.000000E+00  0.170020E+08
  0.294819E-02  0.169398E+08  0.169388E+08  0.000000E+00  0.000000E+00  0.000000E+00  0.169397E+08
  0.309934E-02  0.168738E+08  0.168727E+08  0.000000E+00  0.000000E+00  0.000000E+00  0.168736E+08
  0.325825E-02  0.168040E+08  0.168028E+08  0.000000E+00  0.000000E+00  0.000000E+00  0.168038E+08
  0.342530E-02  0.167302E+08  0.167289E+08  0.000000E+00  0.000000E+00  0.000000E+00  0.167300E+08
  0.360092E-02  0.166523E+08  0.166508E+08  0.000000E+00  0.000000E+00  0.000000E+00  0.166520E+08
  0.378554E-02  0.165700E+08  0.165684E+08  0.000000E+00  0.000000E+00  0.000000E+00  0.165698E+08
  0.397963E-02  0.164833E+08  0.164815E+08  0.000000E+00  0.000000E+00  0.000000E+00  0.164830E+08
  0.418367E-02  0.163920E+08  0.163900E+08  0.000000E+00  0.000000E+00  0.000000E+00  0.163917E+08
  0.439817E-02  0.162958E+08  0.162937E+08  0.000000E+00  0.000000E+00  0.000000E+00  0.162955E+08
  0.462367E-02  0.161947E+08  0.161923E+08  0.000000E+00  0.000000E+00  0.000000E+00  0.161943E+08
  0.486073E-02  0.160884E+08  0.160858E+08  0.000000E+00  0.000000E+00  0.000000E+00  0.160879E+08
  0.510994E-02  0.159768E+08  0.159739E+08  0.000000E+00  0.000000E+00  0.000000E+00  0.159763E+08
  0.537194E-02  0.158596E+08  0.158564E+08  0.000000E+00  0.000000E+00  0.000000E+00  0.158591E+08
  0.564736E-02  0.157368E+08  0.157333E+08  0.000000E+00  0.000000E+00  0.000000E+00  0.157362E+08
  0.593691E-02  0.156081E+08  0.156043E+08  0.000000E+00  0.000000E+00  0.000000E+00  0.156074E+08
  0.624130E-02  0.154734E+08  0.154691E+08  0.000000E+00  0.000000E+00  0.000000E+00  0.154726E+08
  0.656129E-02  0.153324E+08  0.153278E+08  0.000000E+00  0.000000E+00  0.000000E+00  0.153316E+08
  0.689770E-02  0.151850E+08  0.151800E+08  0.000000E+00  0.000000E+00  0.000000E+00  0.151842E+08
  0.725135E-02  0.150311E+08  0.150255E+08  0.000000E+00  0.000000E+00  0.000000E+00  0.150302E+08
  0.762314E-02  0.148704E+08  0.148643E+08  0.000000E+00  0.000000E+00  0.000000E+00  0.148694E+08
  0.801398E-02  0.147027E+08  0.146960E+08  0.000000E+00  0.000000E+00  0.000000E+00  0.147016E+08
  0.842487E-02  0.145279E+08  0.145206E+08  0.000000E+00  0.000000E+00  0.000000E+00  0.145267E+08
  0.885682E-02  0.143458E+08  0.143378E+08  0.000000E+00  0.000000E+00  0.000000E+00  0.143445E+08
  0.931091E-02  0.141562E+08  0.141475E+08  0.000000E+00  0.000000E+00  0.000000E+00  0.141547E+08
  0.978830E-02  0.139589E+08  0.139494E+08  0.000000E+00  0.000000E+00  0.000000E+00  0.139573E+08
  0.102902E-01  0.137538E+08  0.137433E+08  0.000000E+00  0.000000E+00  0.000000E+00  0.137520E+08
  0.108177E-01  0.135406E+08  0.135292E+08  0.000000E+00  0.000000E+00  0.000000E+00  0.135387E+08
  0.113724E-01  0.133192E+08  0.133068E+08  0.000000E+00  0.000000E+00  0.000000E+00  0.133171E+08
  0.119554E-01  0.130894E+08  0.130759E+08  0.000000E+00  0.000000E+00  0.000000E+00  0.130871E+08
  0.125684E-01  0.128511E+08  0.128365E+08  0.000000E+00  0.000000E+00  0.000000E+00  0.128487E+08
  0.132128E-01  0.126042E+08  0.125883E+08  0.000000E+00  0.000000E+00  0.000000E+00  0.126016E+08
  0.138903E-01  0.123486E+08  0.123314E+08  0.000000E+00  0.000000E+00  0.000000E+00  0.123457E+08
  0.146024E-01  0.120842E+08  0.120655E+08  0.000000E+00  0.000000E+00  0.000000E+00  0.120810E+08
  0.153511E-01  0.118109E+08  0.117908E+08  0.000000E+00  0.000000E+00  0.000000E+00  0.118075E+08
  0.161382E-01  0.115289E+08  0.115072E+08  0.000000E+00  0.000000E+00  0.000000E+00  0.115252E+08
  0.169656E-01  0.112381E+08  0.112148E+08  0.000000E+00  0.000000E+00  0.000000E+00  0.112342E+08
  0.178354E-01  0.109388E+08  0.109138E+08  0.000000E+00  0.000000E+00  0.000000E+00  0.109346E+08
  0.187499E-01  0.106313E+08  0.106045E+08  0.000000E+00  0.000000E+00  0.000000E+00  0.106268E+08
  0.197112E-01  0.103159E+08  0.102874E+08  0.000000E+00  0.000000E+00  0.000000E+00  0.103111E+08
  0.207218E-01  0.999319E+07  0.996284E+07  0.000000E+00  0.000000E+00  0.000000E+00  0.998811E+07
  0.217843E-01  0.966380E+07  0.963166E+07  0.000000E+00  0.000000E+00  0.000000E+00  0.965841E+07
  0.229012E-01  0.932860E+07  0.929471E+07  0.000000E+00  0.000000E+00  0.000000E+00  0.932292E+07
  0.240753E-01  0.898864E+07  0.895307E+07  0.000000E+00  0.000000E+00  0.000000E+00  0.898268E+07
  0.253097E-01  0.864520E+07  0.860805E+07  0.000000E+00  0.000000E+00  0.000000E+00  0.863898E+07
  0.266073E-01  0.829977E+07  0.826119E+07  0.000000E+00  0.000000E+00  0.000000E+00  0.829331E+07
  0.279715E-01  0.795410E+07  0.791428E+07  0.000000E+00  0.000000E+00  0.000000E+00  0.794742E+07
  0.294057E-01  0.761016E+07  0.756936E+07  0.000000E+00  0.000000E+00  0.000000E+00  0.760332E+07
  0.309133E-01  0.727017E+07  0.722868E+07  0.000000E+00  0.000000E+00  0.000000E+00  0.726321E+07
  0.324983E-01  0.693650E+07  0.689469E+07  0.000000E+00  0.000000E+00  0.000000E+00  0.692949E+07
  0.341645E-01  0.661167E+07  0.656992E+07  0.000000E+00  0.000000E+00  0.000000E+00  0.660467E+07
  0.359161E-01  0.629638E+07  0.625515E+07  0.000000E+00  0.000000E+00  0.000000E+00  0.628947E+07
  0.377576E-01  0.599447E+07  0.595424E+07  0.000000E+00  0.000000E+00  0.000000E+00  0.598772E+07
  0.396935E-01  0.570880E+07  0.567006E+07  0.000000E+00  0.000000E+00  0.000000E+00  0.570231E+07
  0.417286E-01  0.544140E+07  0.540464E+07  0.000000E+00  0.000000E+00  0.000000E+00  0.543524E+07
  0.438681E-01  0.519321E+07  0.515888E+07  0.000000E+00  0.000000E+00  0.000000E+00  0.518745E+07
  0.461172E-01  0.496398E+07  0.493249E+07  0.000000E+00  0.000000E+00  0.000000E+00  0.495870E+07
  0.484817E-01  0.475233E+07  0.472395E+07  0.000000E+00  0.000000E+00  0.000000E+00  0.474757E+07
  0.509675E-01  0.455601E+07  0.453090E+07  0.000000E+00  0.000000E+00  0.000000E+00  0.455180E+07
  0.535806E-01  0.437461E+07  0.435277E+07  0.000000E+00  0.000000E+00  0.000000E+00  0.437095E+07
  0.563278E-01  0.420225E+07  0.418350E+07  0.000000E+00  0.000000E+00  0.000000E+00  0.419911E+07
  0.592157E-01  0.403553E+07  0.401946E+07  0.000000E+00  0.000000E+00  0.000000E+00  0.403283E+07
  0.622518E-01  0.386900E+07  0.385506E+07  0.000000E+00  0.000000E+00  0.000000E+00  0.386666E+07
  0.654435E-01  0.369766E+07  0.368516E+07  0.000000E+00  0.000000E+00  0.000000E+00  0.369557E+07
  0.687989E-01  0.351777E+07  0.350594E+07  0.000000E+00  0.000000E+00  0.000000E+00  0.351579E+07
  0.723263E-01  0.332806E+07  0.331616E+07  0.000000E+00  0.000000E+00  0.000000E+00  0.332607E+07
  0.760345E-01  0.313030E+07  0.311774E+07  0.000000E+00  0.000000E+00  0.000000E+00  0.312819E+07
  0.799329E-01  0.292887E+07  0.291530E+07  0.000000E+00  0.000000E+00  0.000000E+00  0.292660E+07
  0.840311E-01  0.272986E+07  0.271526E+07  0.000000E+00  0.000000E+00  0.000000E+00  0.272741E+07
  0.883395E-01  0.254039E+07  0.252511E+07  0.000000E+00  0.000000E+00  0.000000E+00  0.253783E+07
  0.928688E-01  0.236819E+07  0.235287E+07  0.000000E+00  0.000000E+00  0.000000E+00  0.236562E+07
  0.976302E-01  0.221972E+07  0.220517E+07  0.000000E+00  0.000000E+00  0.000000E+00  0.221728E+07
  0.102636E+00  0.209713E+07  0.208413E+07  0.000000E+00  0.000000E+00  0.000000E+00  0.209496E+07
  0.107898E+00  0.199640E+07  0.198545E+07  0.000000E+00  0.000000E+00  0.000000E+00  0.199456E+07
  0.113430E+00  0.190841E+07  0.189955E+07  0.000000E+00  0.000000E+00  0.000000E+00  0.190693E+07
  0.119246E+00  0.182149E+07  0.181427E+07  0.000000E+00  0.000000E+00  0.000000E+00  0.182028E+07
  0.125360E+00  0.172472E+07  0.171832E+07  0.000000E+00  0.000000E+00  0.000000E+00  0.172365E+07
  0.131787E+00  0.161355E+07  0.160709E+07  0.000000E+00  0.000000E+00  0.000000E+00  0.161247E+07
  0.138544E+00  0.149322E+07  0.148615E+07  0.000000E+00  0.000000E+00  0.000000E+00  0.149204E+07
  0.145647E+00  0.137525E+07  0.136757E+07  0.000000E+00  0.000000E+00  0.000000E+00  0.137396E+07
  0.153115E+00  0.127238E+07  0.126467E+07  0.000000E+00  0.000000E+00  0.000000E+00  0.127109E+07
  0.160965E+00  0.119236E+07  0.118538E+07  0.000000E+00  0.000000E+00  0.000000E+00  0.119119E+07
  0.169218E+00  0.113083E+07  0.112508E+07  0.000000E+00  0.000000E+00  0.000000E+00  0.112987E+07
  0.177894E+00  0.107438E+07  0.106971E+07  0.000000E+00  0.000000E+00  0.000000E+00  0.107360E+07
  0.187015E+00  0.100998E+07  0.100578E+07  0.000000E+00  0.000000E+00  0.000000E+00  0.100928E+07
  0.196603E+00  0.935069E+06  0.930705E+06  0.000000E+00  0.000000E+00  0.000000E+00  0.934337E+06
  0.206683E+00  0.859474E+06  0.854851E+06  0.000000E+00  0.000000E+00  0.000000E+00  0.858699E+06
  0.217280E+00  0.796416E+06  0.791968E+06  0.000000E+00  0.000000E+00  0.000000E+00  0.795671E+06
  0.228420E+00  0.748833E+06  0.745016E+06  0.000000E+00  0.000000E+00  0.000000E+00  0.748193E+06
  0.240132E+00  0.706087E+06  0.702871E+06  0.000000E+00  0.000000E+00  0.000000E+00  0.705548E+06
  0.252444E+00  0.657837E+06  0.654802E+06  0.000000E+00  0.000000E+00  0.000000E+00  0.657328E+06
  0.265386E+00  0.606105E+06  0.603010E+06  0.000000E+00  0.000000E+00  0.000000E+00  0.605586E+06
  0.278993E+00  0.561119E+06  0.558163E+06  0.000000E+00  0.000000E+00  0.000000E+00  0.560623E+06
  0.293297E+00  0.525253E+06  0.522672E+06  0.000000E+00  0.000000E+00  0.000000E+00  0.524820E+06
  0.308335E+00  0.490599E+06  0.488283E+06  0.000000E+00  0.000000E+00  0.000000E+00  0.490211E+06
  0.324144E+00  0.453489E+06  0.451234E+06  0.000000E+00  0.000000E+00  0.000000E+00  0.453111E+06
  0.340763E+00  0.419656E+06  0.417517E+06  0.000000E+00  0.000000E+00  0.000000E+00  0.419297E+06
  0.358234E+00  0.391085E+06  0.389174E+06  0.000000E+00  0.000000E+00  0.000000E+00  0.390765E+06
  0.376601E+00  0.363130E+06  0.361361E+06  0.000000E+00  0.000000E+00  0.000000E+00  0.362833E+06
  0.395910E+00  0.335661E+06  0.333978E+06  0.000000E+00  0.000000E+00  0.000000E+00  0.335379E+06
  0.416209E+00  0.311504E+06  0.309965E+06  0.000000E+00  0.000000E+00  0.000000E+00  0.311246E+06
  0.437548E+00  0.288899E+06  0.287482E+06  0.000000E+00  0.000000E+00  0.000000E+00  0.288662E+06
  0.459982E+00  0.267176E+06  0.265848E+06  0.000000E+00  0.000000E+00  0.000000E+00  0.266953E+06
  0.483566E+00  0.247551E+06  0.246331E+06  0.000000E+00  0.000000E+00  0.000000E+00  0.247347E+06
  0.508359E+00  0.229080E+06  0.227949E+06  0.000000E+00  0.000000E+00  0.000000E+00  0.228891E+06
  0.534423E+00  0.211871E+06  0.210823E+06  0.000000E+00  0.000000E+00  0.000000E+00  0.211695E+06
  0.561823E+00  0.195999E+06  0.195032E+06  0.000000E+00  0.000000E+00  0.000000E+00  0.195837E+06
  0.590628E+00  0.181148E+06  0.180252E+06  0.000000E+00  0.000000E+00  0.000000E+00  0.180998E+06
  0.620911E+00  0.167432E+06  0.166606E+06  0.000000E+00  0.000000E+00  0.000000E+00  0.167294E+06
  0.652746E+00  0.154668E+06  0.153904E+06  0.000000E+00  0.000000E+00  0.000000E+00  0.154540E+06
  0.686213E+00  0.142850E+06  0.142145E+06  0.000000E+00  0.000000E+00  0.000000E+00  0.142732E+06
  0.721395E+00  0.131886E+06  0.131235E+06  0.000000E+00  0.000000E+00  0.000000E+00  0.131776E+06
  0.758382E+00  0.121726E+06  0.121125E+06  0.000000E+00  0.000000E+00  0.000000E+00  0.121625E+06
  0.797265E+00  0.112315E+06  0.111761E+06  0.000000E+00  0.000000E+00  0.000000E+00  0.112222E+06
  0.838142E+00  0.103602E+06  0.103090E+06  0.000000E+00  0.000000E+00  0.000000E+00  0.103516E+06
  0.881115E+00  0.955367E+05  0.950654E+05  0.000000E+00  0.000000E+00  0.000000E+00  0.954577E+05
  0.926290E+00  0.880749E+05  0.876404E+05  0.000000E+00  0.000000E+00  0.000000E+00  0.880021E+05
  0.973782E+00  0.811733E+05  0.807729E+05  0.000000E+00  0.000000E+00  0.000000E+00  0.811062E+05
  0.102371E+01  0.747921E+05  0.744232E+05  0.000000E+00  0.000000E+00  0.000000E+00  0.747303E+05
  0.107620E+01  0.688948E+05  0.685550E+05  0.000000E+00  0.000000E+00  0.000000E+00  0.688378E+05
  0.113137E+01  0.634471E+05  0.631341E+05  0.000000E+00  0.000000E+00  0.000000E+00  0.633946E+05
  0.118938E+01  0.584147E+05  0.581266E+05  0.000000E+00  0.000000E+00  0.000000E+00  0.583664E+05
  0.125036E+01  0.537684E+05  0.535032E+05  0.000000E+00  0.000000E+00  0.000000E+00  0.537240E+05
  0.131447E+01  0.494800E+05  0.492360E+05  0.000000E+00  0.000000E+00  0.000000E+00  0.494391E+05
  0.138186E+01  0.455232E+05  0.452987E+05  0.000000E+00  0.000000E+00  0.000000E+00  0.454856E+05
  0.145271E+01  0.418730E+05  0.416665E+05  0.000000E+00  0.000000E+00  0.000000E+00  0.418384E+05
  0.152719E+01  0.385069E+05  0.383171E+05  0.000000E+00  0.000000E+00  0.000000E+00  0.384751E+05
  0.160549E+01  0.354038E+05  0.352292E+05  0.000000E+00  0.000000E+00  0.000000E+00  0.353745E+05
  0.168781E+01  0.325437E+05  0.323832E+05  0.000000E+00  0.000000E+00  0.000000E+00  0.325168E+05
  0.177435E+01  0.299086E+05  0.297611E+05  0.000000E+00  0.000000E+00  0.000000E+00  0.298839E+05
  0.186532E+01  0.274812E+05  0.273456E+05  0.000000E+00  0.000000E+00  0.000000E+00  0.274584E+05
  0.196096E+01  0.252456E+05  0.251212E+05  0.000000E+00  0.000000E+00  0.000000E+00  0.252248E+05
  0.206150E+01  0.231875E+05  0.230732E+05  0.000000E+00  0.000000E+00  0.000000E+00  0.231684E+05
  0.216719E+01  0.212931E+05  0.211881E+05  0.000000E+00  0.000000E+00  0.000000E+00  0.212755E+05
  0.227831E+01  0.195498E+05  0.194534E+05  0.000000E+00  0.000000E+00  0.000000E+00  0.195337E+05
  0.239512E+01  0.179459E+05  0.178575E+05  0.000000E+00  0.000000E+00  0.000000E+00  0.179311E+05
  0.251792E+01  0.164708E+05  0.163895E+05  0.000000E+00  0.000000E+00  0.000000E+00  0.164572E+05
  0.264701E+01  0.151142E+05  0.150396E+05  0.000000E+00  0.000000E+00  0.000000E+00  0.151017E+05
  0.278273E+01  0.138669E+05  0.137985E+05  0.000000E+00  0.000000E+00  0.000000E+00  0.138555E+05
  0.292540E+01  0.127204E+05  0.126577E+05  0.000000E+00  0.000000E+00  0.000000E+00  0.127099E+05
  0.307539E+01  0.116668E+05  0.116093E+05  0.000000E+00  0.000000E+00  0.000000E+00  0.116572E+05
  0.323307E+01  0.106988E+05  0.106460E+05  0.000000E+00  0.000000E+00  0.000000E+00  0.106900E+05
  0.339883E+01  0.980952E+04  0.976112E+04  0.000000E+00  0.000000E+00  0.000000E+00  0.980141E+04
  0.357309E+01  0.899277E+04  0.894840E+04  0.000000E+00  0.000000E+00  0.000000E+00  0.898533E+04
  0.375629E+01  0.824278E+04  0.820210E+04  0.000000E+00  0.000000E+00  0.000000E+00  0.823596E+04
  0.394888E+01  0.755419E+04  0.751691E+04  0.000000E+00  0.000000E+00  0.000000E+00  0.754794E+04
  0.415134E+01  0.692213E+04  0.688796E+04  0.000000E+00  0.000000E+00  0.000000E+00  0.691641E+04
  0.436419E+01  0.634206E+04  0.631075E+04  0.000000E+00  0.000000E+00  0.000000E+00  0.633682E+04
  0.458794E+01  0.580977E+04  0.578108E+04  0.000000E+00  0.000000E+00  0.000000E+00  0.580496E+04
  0.482317E+01  0.532143E+04  0.529514E+04  0.000000E+00  0.000000E+00  0.000000E+00  0.531702E+04
  0.507046E+01  0.487348E+04  0.484940E+04  0.000000E+00  0.000000E+00  0.000000E+00  0.486945E+04
  0.533043E+01  0.446265E+04  0.444059E+04  0.000000E+00  0.000000E+00  0.000000E+00  0.445895E+04
  0.560373E+01  0.408592E+04  0.406572E+04  0.000000E+00  0.000000E+00  0.000000E+00  0.408254E+04
  0.589104E+01  0.374052E+04  0.372202E+04  0.000000E+00  0.000000E+00  0.000000E+00  0.373742E+04
  0.619308E+01  0.342389E+04  0.340695E+04  0.000000E+00  0.000000E+00  0.000000E+00  0.342105E+04
  0.651061E+01  0.313368E+04  0.311817E+04  0.000000E+00  0.000000E+00  0.000000E+00  0.313108E+04
  0.684441E+01  0.286773E+04  0.285352E+04  0.000000E+00  0.000000E+00  0.000000E+00  0.286535E+04
  0.719533E+01  0.262403E+04  0.261103E+04  0.000000E+00  0.000000E+00  0.000000E+00  0.262185E+04
  0.756424E+01  0.240076E+04  0.238886E+04  0.000000E+00  0.000000E+00  0.000000E+00  0.239877E+04
  0.795207E+01  0.219625E+04  0.218535E+04  0.000000E+00  0.000000E+00  0.000000E+00  0.219442E+04
  0.835978E+01  0.200893E+04  0.199895E+04  0.000000E+00  0.000000E+00  0.000000E+00  0.200725E+04
  0.878839E+01  0.183739E+04  0.182825E+04  0.000000E+00  0.000000E+00  0.000000E+00  0.183586E+04
  0.923898E+01  0.168031E+04  0.167195E+04  0.000000E+00  0.000000E+00  0.000000E+00  0.167891E+04
  0.971268E+01  0.153650E+04  0.152884E+04  0.000000E+00  0.000000E+00  0.000000E+00  0.153521E+04
  0.102107E+02  0.140484E+04  0.139784E+04  0.000000E+00  0.000000E+00  0.000000E+00  0.140367E+04
  0.107342E+02  0.128434E+04  0.127793E+04  0.000000E+00  0.000000E+00  0.000000E+00  0.128327E+04
  0.112845E+02  0.117406E+04  0.116819E+04  0.000000E+00  0.000000E+00  0.000000E+00  0.117308E+04
  0.118631E+02  0.107314E+04  0.106777E+04  0.000000E+00  0.000000E+00  0.000000E+00  0.107224E+04
  0.124713E+02  0.980799E+03  0.975880E+03  0.000000E+00  0.000000E+00  0.000000E+00  0.979975E+03
  0.131107E+02  0.896318E+03  0.891814E+03  0.000000E+00  0.000000E+00  0.000000E+00  0.895563E+03
  0.137830E+02  0.819036E+03  0.814912E+03  0.000000E+00  0.000000E+00  0.000000E+00  0.818345E+03
  0.144896E+02  0.748349E+03  0.744572E+03  0.000000E+00  0.000000E+00  0.000000E+00  0.747716E+03
  0.152325E+02  0.683699E+03  0.680240E+03  0.000000E+00  0.000000E+00  0.000000E+00  0.683119E+03
  0.160135E+02  0.624578E+03  0.621409E+03  0.000000E+00  0.000000E+00  0.000000E+00  0.624047E+03
  0.168345E+02  0.570518E+03  0.567615E+03  0.000000E+00  0.000000E+00  0.000000E+00  0.570031E+03
  0.176977E+02  0.521091E+03  0.518431E+03  0.000000E+00  0.000000E+00  0.000000E+00  0.520646E+03
  0.186050E+02  0.475907E+03  0.473468E+03  0.000000E+00  0.000000E+00  0.000000E+00  0.475498E+03
  0.195589E+02  0.434602E+03  0.432366E+03  0.000000E+00  0.000000E+00  0.000000E+00  0.434228E+03
  0.205617E+02  0.396849E+03  0.394798E+03  0.000000E+00  0.000000E+00  0.000000E+00  0.396506E+03
