    0.10000E-03    0.20588E+12
    0.10202E-03    0.20976E+12
    0.10408E-03    0.21372E+12
    0.10618E-03    0.21778E+12
    0.10833E-03    0.22191E+12
    0.11052E-03    0.22614E+12
    0.11275E-03    0.23046E+12
    0.11503E-03    0.23486E+12
    0.11735E-03    0.23937E+12
    0.11972E-03    0.24396E+12
    0.12214E-03    0.24866E+12
    0.12461E-03    0.25345E+12
    0.12712E-03    0.25834E+12
    0.12969E-03    0.26334E+12
    0.13231E-03    0.26844E+12
    0.13499E-03    0.27364E+12
    0.13771E-03    0.27896E+12
    0.14049E-03    0.28438E+12
    0.14333E-03    0.28992E+12
    0.14623E-03    0.29557E+12
    0.14918E-03    0.30134E+12
    0.15220E-03    0.30723E+12
    0.15527E-03    0.31324E+12
    0.15841E-03    0.31937E+12
    0.16161E-03    0.32563E+12
    0.16487E-03    0.33202E+12
    0.16820E-03    0.33854E+12
    0.17160E-03    0.34519E+12
    0.17507E-03    0.35198E+12
    0.17860E-03    0.35890E+12
    0.18221E-03    0.36597E+12
    0.18589E-03    0.37318E+12
    0.18965E-03    0.38054E+12
    0.19348E-03    0.38804E+12
    0.19739E-03    0.39570E+12
    0.20138E-03    0.40352E+12
    0.20544E-03    0.41149E+12
    0.20959E-03    0.41962E+12
    0.21383E-03    0.42792E+12
    0.21815E-03    0.43638E+12
    0.22255E-03    0.44501E+12
    0.22705E-03    0.45382E+12
    0.23164E-03    0.46280E+12
    0.23632E-03    0.47196E+12
    0.24109E-03    0.48131E+12
    0.24596E-03    0.49084E+12
    0.25093E-03    0.50056E+12
    0.25600E-03    0.51048E+12
    0.26117E-03    0.52059E+12
    0.26645E-03    0.53091E+12
    0.27183E-03    0.54142E+12
    0.27732E-03    0.55215E+12
    0.28292E-03    0.56309E+12
    0.28864E-03    0.57424E+12
    0.29447E-03    0.58561E+12
    0.30042E-03    0.59721E+12
    0.30649E-03    0.60904E+12
    0.31268E-03    0.62109E+12
    0.31899E-03    0.63338E+12
    0.32544E-03    0.64592E+12
    0.33201E-03    0.65869E+12
    0.33872E-03    0.67172E+12
    0.34556E-03    0.68500E+12
    0.35254E-03    0.69853E+12
    0.35966E-03    0.71233E+12
    0.36693E-03    0.72639E+12
    0.37434E-03    0.74073E+12
    0.38190E-03    0.75534E+12
    0.38962E-03    0.77023E+12
    0.39749E-03    0.78540E+12
    0.40552E-03    0.80087E+12
    0.41371E-03    0.81663E+12
    0.42207E-03    0.83269E+12
    0.43060E-03    0.84906E+12
    0.43929E-03    0.86573E+12
    0.44817E-03    0.88272E+12
    0.45722E-03    0.90003E+12
    0.46646E-03    0.91767E+12
    0.47588E-03    0.93563E+12
    0.48550E-03    0.95393E+12
    0.49530E-03    0.97257E+12
    0.50531E-03    0.99156E+12
    0.51552E-03    0.10109E+13
    0.52593E-03    0.10306E+13
    0.53656E-03    0.10507E+13
    0.54739E-03    0.10711E+13
    0.55845E-03    0.10919E+13
    0.56973E-03    0.11131E+13
    0.58124E-03    0.11346E+13
    0.59299E-03    0.11566E+13
    0.60496E-03    0.11789E+13
    0.61719E-03    0.12017E+13
    0.62965E-03    0.12248E+13
    0.64237E-03    0.12484E+13
    0.65535E-03    0.12724E+13
    0.66859E-03    0.12968E+13
    0.68210E-03    0.13216E+13
    0.69588E-03    0.13469E+13
    0.70993E-03    0.13726E+13
    0.72427E-03    0.13988E+13
    0.73891E-03    0.14254E+13
    0.75383E-03    0.14525E+13
    0.76906E-03    0.14800E+13
    0.78460E-03    0.15080E+13
    0.80045E-03    0.15365E+13
    0.81662E-03    0.15654E+13
    0.83311E-03    0.15949E+13
    0.84994E-03    0.16248E+13
    0.86711E-03    0.16552E+13
    0.88463E-03    0.16862E+13
    0.90250E-03    0.17176E+13
    0.92073E-03    0.17496E+13
    0.93933E-03    0.17820E+13
    0.95831E-03    0.18150E+13
    0.97767E-03    0.18485E+13
    0.99742E-03    0.18826E+13
    0.10176E-02    0.19172E+13
    0.10381E-02    0.19523E+13
    0.10591E-02    0.19880E+13
    0.10805E-02    0.20242E+13
    0.11023E-02    0.20610E+13
    0.11246E-02    0.20983E+13
    0.11473E-02    0.21362E+13
    0.11705E-02    0.21746E+13
    0.11941E-02    0.22137E+13
    0.12182E-02    0.22532E+13
    0.12429E-02    0.22934E+13
    0.12680E-02    0.23341E+13
    0.12936E-02    0.23754E+13
    0.13197E-02    0.24173E+13
    0.13464E-02    0.24598E+13
    0.13736E-02    0.25028E+13
    0.14013E-02    0.25465E+13
    0.14296E-02    0.25907E+13
    0.14585E-02    0.26355E+13
    0.14880E-02    0.26809E+13
    0.15180E-02    0.27268E+13
    0.15487E-02    0.27734E+13
    0.15800E-02    0.28205E+13
    0.16119E-02    0.28682E+13
    0.16445E-02    0.29165E+13
    0.16777E-02    0.29653E+13
    0.17116E-02    0.30148E+13
    0.17462E-02    0.30647E+13
    0.17814E-02    0.31153E+13
    0.18174E-02    0.31664E+13
    0.18541E-02    0.32181E+13
    0.18916E-02    0.32703E+13
    0.19298E-02    0.33230E+13
    0.19688E-02    0.33763E+13
    0.20086E-02    0.34301E+13
    0.20491E-02    0.34845E+13
    0.20905E-02    0.35393E+13
    0.21328E-02    0.35946E+13
    0.21758E-02    0.36505E+13
    0.22198E-02    0.37068E+13
    0.22646E-02    0.37636E+13
    0.23104E-02    0.38208E+13
    0.23571E-02    0.38785E+13
    0.24047E-02    0.39366E+13
    0.24533E-02    0.39951E+13
    0.25028E-02    0.40540E+13
    0.25534E-02    0.41134E+13
    0.26050E-02    0.41731E+13
    0.26576E-02    0.42331E+13
    0.27113E-02    0.42935E+13
    0.27660E-02    0.43542E+13
    0.28219E-02    0.44152E+13
    0.28789E-02    0.44764E+13
    0.29371E-02    0.45379E+13
    0.29964E-02    0.45997E+13
    0.30569E-02    0.46617E+13
    0.31187E-02    0.47238E+13
    0.31817E-02    0.47861E+13
    0.32460E-02    0.48486E+13
    0.33115E-02    0.49112E+13
    0.33784E-02    0.49738E+13
    0.34467E-02    0.50365E+13
    0.35163E-02    0.50993E+13
    0.35874E-02    0.51620E+13
    0.36598E-02    0.52247E+13
    0.37338E-02    0.52874E+13
    0.38092E-02    0.53499E+13
    0.38861E-02    0.54123E+13
    0.39646E-02    0.54746E+13
    0.40447E-02    0.55367E+13
    0.41264E-02    0.55985E+13
    0.42098E-02    0.56601E+13
    0.42948E-02    0.57214E+13
    0.43816E-02    0.57824E+13
    0.44701E-02    0.58429E+13
    0.45604E-02    0.59031E+13
    0.46525E-02    0.59628E+13
    0.47465E-02    0.60221E+13
    0.48424E-02    0.60807E+13
    0.49402E-02    0.61389E+13
    0.50400E-02    0.61964E+13
    0.51419E-02    0.62533E+13
    0.52457E-02    0.63094E+13
    0.53517E-02    0.63648E+13
    0.54598E-02    0.64195E+13
    0.55701E-02    0.64733E+13
    0.56826E-02    0.65263E+13
    0.57974E-02    0.65783E+13
    0.59145E-02    0.66294E+13
    0.60340E-02    0.66795E+13
    0.61559E-02    0.67285E+13
    0.62803E-02    0.67765E+13
    0.64072E-02    0.68233E+13
    0.65366E-02    0.68690E+13
    0.66686E-02    0.69134E+13
    0.68033E-02    0.69565E+13
    0.69408E-02    0.69983E+13
    0.70810E-02    0.70388E+13
    0.72240E-02    0.70779E+13
    0.73700E-02    0.71155E+13
    0.75189E-02    0.71516E+13
    0.76708E-02    0.71862E+13
    0.78257E-02    0.72192E+13
    0.79838E-02    0.72505E+13
    0.81451E-02    0.72802E+13
    0.83096E-02    0.73082E+13
    0.84775E-02    0.73344E+13
    0.86488E-02    0.73589E+13
    0.88235E-02    0.73814E+13
    0.90017E-02    0.74021E+13
    0.91836E-02    0.74209E+13
    0.93691E-02    0.74377E+13
    0.95583E-02    0.74525E+13
    0.97514E-02    0.74653E+13
    0.99484E-02    0.74760E+13
    0.10149E-01    0.74845E+13
    0.10354E-01    0.74909E+13
    0.10564E-01    0.74952E+13
    0.10777E-01    0.74972E+13
    0.10995E-01    0.74969E+13
    0.11217E-01    0.74944E+13
    0.11443E-01    0.74895E+13
    0.11675E-01    0.74823E+13
    0.11910E-01    0.74727E+13
    0.12151E-01    0.74606E+13
    0.12397E-01    0.74462E+13
    0.12647E-01    0.74293E+13
    0.12902E-01    0.74099E+13
    0.13163E-01    0.73880E+13
    0.13429E-01    0.73636E+13
    0.13700E-01    0.73366E+13
    0.13977E-01    0.73070E+13
    0.14259E-01    0.72749E+13
    0.14547E-01    0.72402E+13
    0.14841E-01    0.72028E+13
    0.15141E-01    0.71629E+13
    0.15447E-01    0.71203E+13
    0.15759E-01    0.70752E+13
    0.16077E-01    0.70273E+13
    0.16402E-01    0.69769E+13
    0.16734E-01    0.69238E+13
    0.17072E-01    0.68681E+13
    0.17416E-01    0.68098E+13
    0.17768E-01    0.67490E+13
    0.18127E-01    0.66855E+13
    0.18493E-01    0.66195E+13
    0.18867E-01    0.65509E+13
    0.19248E-01    0.64798E+13
    0.19637E-01    0.64063E+13
    0.20034E-01    0.63303E+13
    0.20438E-01    0.62520E+13
    0.20851E-01    0.61712E+13
    0.21272E-01    0.60882E+13
    0.21702E-01    0.60029E+13
    0.22141E-01    0.59155E+13
    0.22588E-01    0.58259E+13
    0.23044E-01    0.57343E+13
    0.23510E-01    0.56408E+13
    0.23985E-01    0.55453E+13
    0.24469E-01    0.54481E+13
    0.24964E-01    0.53492E+13
    0.25468E-01    0.52487E+13
    0.25982E-01    0.51468E+13
    0.26507E-01    0.50435E+13
    0.27043E-01    0.49389E+13
    0.27589E-01    0.48333E+13
    0.28146E-01    0.47267E+13
    0.28715E-01    0.46193E+13
    0.29295E-01    0.45112E+13
    0.29887E-01    0.44026E+13
    0.30490E-01    0.42936E+13
    0.31106E-01    0.41845E+13
    0.31735E-01    0.40754E+13
    0.32376E-01    0.39664E+13
    0.33030E-01    0.38578E+13
    0.33697E-01    0.37497E+13
    0.34378E-01    0.36424E+13
    0.35072E-01    0.35360E+13
    0.35781E-01    0.34307E+13
    0.36504E-01    0.33266E+13
    0.37241E-01    0.32242E+13
    0.37993E-01    0.31233E+13
    0.38761E-01    0.30244E+13
    0.39544E-01    0.29275E+13
    0.40343E-01    0.28329E+13
    0.41158E-01    0.27408E+13
    0.41989E-01    0.26512E+13
    0.42838E-01    0.25639E+13
    0.43703E-01    0.24792E+13
    0.44586E-01    0.23976E+13
    0.45486E-01    0.23193E+13
    0.46405E-01    0.22447E+13
    0.47343E-01    0.21736E+13
    0.48299E-01    0.21061E+13
    0.49275E-01    0.20420E+13
    0.50270E-01    0.19813E+13
    0.51286E-01    0.19239E+13
    0.52322E-01    0.18696E+13
    0.53379E-01    0.18181E+13
    0.54457E-01    0.17693E+13
    0.55557E-01    0.17231E+13
    0.56680E-01    0.16792E+13
    0.57825E-01    0.16375E+13
    0.58993E-01    0.15978E+13
    0.60184E-01    0.15599E+13
    0.61400E-01    0.15238E+13
    0.62641E-01    0.14894E+13
    0.63906E-01    0.14566E+13
    0.65197E-01    0.14252E+13
    0.66514E-01    0.13954E+13
    0.67858E-01    0.13670E+13
    0.69229E-01    0.13400E+13
    0.70627E-01    0.13142E+13
    0.72054E-01    0.12894E+13
    0.73510E-01    0.12654E+13
    0.74994E-01    0.12419E+13
    0.76509E-01    0.12183E+13
    0.78055E-01    0.11943E+13
    0.79632E-01    0.11692E+13
    0.81241E-01    0.11427E+13
    0.82882E-01    0.11142E+13
    0.84556E-01    0.10836E+13
    0.86264E-01    0.10507E+13
    0.88007E-01    0.10157E+13
    0.89785E-01    0.97898E+12
    0.91598E-01    0.94086E+12
    0.93449E-01    0.90183E+12
    0.95337E-01    0.86231E+12
    0.97263E-01    0.82296E+12
    0.99227E-01    0.78454E+12
    0.10123E+00    0.74754E+12
    0.10328E+00    0.71171E+12
    0.10536E+00    0.67674E+12
    0.10749E+00    0.64286E+12
    0.10966E+00    0.61075E+12
    0.11188E+00    0.58092E+12
    0.11414E+00    0.55355E+12
    0.11644E+00    0.52873E+12
    0.11880E+00    0.50643E+12
    0.12120E+00    0.48658E+12
    0.12365E+00    0.46907E+12
    0.12614E+00    0.45388E+12
    0.12869E+00    0.44095E+12
    0.13129E+00    0.43008E+12
    0.13394E+00    0.42095E+12
    0.13665E+00    0.41316E+12
    0.13941E+00    0.40600E+12
    0.14223E+00    0.39874E+12
    0.14510E+00    0.39083E+12
    0.14803E+00    0.38193E+12
    0.15102E+00    0.37180E+12
    0.15407E+00    0.36050E+12
    0.15718E+00    0.34818E+12
    0.16036E+00    0.33493E+12
    0.16360E+00    0.32082E+12
    0.16690E+00    0.30596E+12
    0.17028E+00    0.29062E+12
    0.17371E+00    0.27505E+12
    0.17722E+00    0.25978E+12
    0.18080E+00    0.24544E+12
    0.18446E+00    0.23250E+12
    0.18818E+00    0.22101E+12
    0.19198E+00    0.21096E+12
    0.19586E+00    0.20226E+12
    0.19982E+00    0.19483E+12
    0.20386E+00    0.18853E+12
    0.20797E+00    0.18303E+12
    0.21218E+00    0.17800E+12
    0.21646E+00    0.17316E+12
    0.22083E+00    0.16820E+12
    0.22530E+00    0.16292E+12
    0.22985E+00    0.15724E+12
    0.23449E+00    0.15113E+12
    0.23923E+00    0.14466E+12
    0.24406E+00    0.13792E+12
    0.24899E+00    0.13106E+12
    0.25402E+00    0.12442E+12
    0.25915E+00    0.11829E+12
    0.26439E+00    0.11280E+12
    0.26973E+00    0.10789E+12
    0.27518E+00    0.10351E+12
    0.28074E+00    0.99572E+11
    0.28641E+00    0.95991E+11
    0.29219E+00    0.92620E+11
    0.29810E+00    0.89271E+11
    0.30412E+00    0.85812E+11
    0.31026E+00    0.82265E+11
    0.31653E+00    0.78684E+11
    0.32292E+00    0.75134E+11
    0.32945E+00    0.71693E+11
    0.33610E+00    0.68423E+11
    0.34289E+00    0.65368E+11
    0.34982E+00    0.62557E+11
    0.35689E+00    0.59968E+11
    0.36409E+00    0.57531E+11
    0.37145E+00    0.55191E+11
    0.37895E+00    0.52912E+11
    0.38661E+00    0.50666E+11
    0.39442E+00    0.48458E+11
    0.40239E+00    0.46313E+11
    0.41052E+00    0.44255E+11
    0.41881E+00    0.42298E+11
    0.42727E+00    0.40450E+11
    0.43590E+00    0.38703E+11
    0.44471E+00    0.37039E+11
    0.45369E+00    0.35441E+11
    0.46286E+00    0.33899E+11
    0.47221E+00    0.32408E+11
    0.48174E+00    0.30969E+11
    0.49148E+00    0.29592E+11
    0.50141E+00    0.28281E+11
    0.51153E+00    0.27031E+11
    0.52187E+00    0.25836E+11
    0.53241E+00    0.24691E+11
    0.54317E+00    0.23594E+11
    0.55414E+00    0.22541E+11
    0.56533E+00    0.21532E+11
    0.57675E+00    0.20567E+11
    0.58840E+00    0.19644E+11
    0.60029E+00    0.18761E+11
    0.61242E+00    0.17918E+11
    0.62479E+00    0.17110E+11
    0.63741E+00    0.16338E+11
    0.65029E+00    0.15599E+11
    0.66342E+00    0.14892E+11
    0.67683E+00    0.14217E+11
    0.69050E+00    0.13571E+11
    0.70445E+00    0.12954E+11
    0.71868E+00    0.12363E+11
    0.73320E+00    0.11799E+11
    0.74801E+00    0.11260E+11
    0.76312E+00    0.10745E+11
    0.77854E+00    0.10253E+11
    0.79426E+00    0.97821E+10
    0.81031E+00    0.93324E+10
    0.82668E+00    0.89027E+10
    0.84338E+00    0.84922E+10
    0.86041E+00    0.81002E+10
    0.87780E+00    0.77257E+10
    0.89553E+00    0.73679E+10
    0.91362E+00    0.70261E+10
    0.93208E+00    0.66996E+10
    0.95091E+00    0.63879E+10
    0.97011E+00    0.60904E+10
    0.98971E+00    0.58064E+10
    0.10097E+01    0.55353E+10
    0.10301E+01    0.52765E+10
    0.10509E+01    0.50296E+10
    0.10721E+01    0.47939E+10
    0.10938E+01    0.45691E+10
    0.11159E+01    0.43545E+10
    0.11384E+01    0.41498E+10
    0.11614E+01    0.39544E+10
    0.11849E+01    0.37680E+10
    0.12088E+01    0.35902E+10
    0.12333E+01    0.34205E+10
    0.12582E+01    0.32586E+10
    0.12836E+01    0.31042E+10
    0.13095E+01    0.29569E+10
    0.13360E+01    0.28164E+10
    0.13630E+01    0.26825E+10
    0.13905E+01    0.25548E+10
    0.14186E+01    0.24331E+10
    0.14472E+01    0.23170E+10
    0.14765E+01    0.22064E+10
    0.15063E+01    0.21010E+10
    0.15367E+01    0.20005E+10
    0.15678E+01    0.19047E+10
    0.15994E+01    0.18134E+10
    0.16318E+01    0.17263E+10
    0.16647E+01    0.16433E+10
    0.16984E+01    0.15643E+10
    0.17327E+01    0.14889E+10
    0.17677E+01    0.14172E+10
    0.18034E+01    0.13488E+10
    0.18398E+01    0.12837E+10
    0.18770E+01    0.12217E+10
    0.19149E+01    0.11626E+10
    0.19536E+01    0.11063E+10
    0.19930E+01    0.10527E+10
    0.20333E+01    0.10016E+10
    0.20744E+01    0.95294E+09
    0.21163E+01    0.90662E+09
    0.21590E+01    0.86252E+09
    0.22026E+01    0.82052E+09
    0.22471E+01    0.78054E+09
    0.22925E+01    0.74246E+09
    0.23388E+01    0.70620E+09
    0.23861E+01    0.67169E+09
    0.24343E+01    0.63883E+09
    0.24835E+01    0.60756E+09
    0.25336E+01    0.57779E+09
    0.25848E+01    0.54946E+09
    0.26370E+01    0.52250E+09
    0.26903E+01    0.49683E+09
    0.27447E+01    0.47241E+09
    0.28001E+01    0.44917E+09
    0.28567E+01    0.42705E+09
    0.29144E+01    0.40601E+09
    0.29733E+01    0.38599E+09
    0.30333E+01    0.36694E+09
    0.30946E+01    0.34882E+09
    0.31571E+01    0.33158E+09
    0.32209E+01    0.31518E+09
    0.32860E+01    0.29958E+09
    0.33523E+01    0.28473E+09
    0.34201E+01    0.27062E+09
    0.34892E+01    0.25719E+09
    0.35596E+01    0.24442E+09
    0.36316E+01    0.23228E+09
    0.37049E+01    0.22073E+09
    0.37798E+01    0.20974E+09
    0.38561E+01    0.19930E+09
    0.39340E+01    0.18937E+09
    0.40135E+01    0.17992E+09
    0.40946E+01    0.17094E+09
    0.41773E+01    0.16241E+09
    0.42617E+01    0.15429E+09
    0.43478E+01    0.14658E+09
    0.44356E+01    0.13925E+09
    0.45252E+01    0.13227E+09
    0.46166E+01    0.12565E+09
    0.47099E+01    0.11935E+09
    0.48050E+01    0.11336E+09
    0.49021E+01    0.10767E+09
    0.50011E+01    0.10226E+09
    0.51021E+01    0.97122E+08
    0.52052E+01    0.92238E+08
    0.53104E+01    0.87595E+08
    0.54176E+01    0.83184E+08
    0.55271E+01    0.78992E+08
    0.56387E+01    0.75009E+08
    0.57526E+01    0.71225E+08
    0.58689E+01    0.67630E+08
    0.59874E+01    0.64214E+08
    0.61084E+01    0.60968E+08
    0.62318E+01    0.57885E+08
    0.63577E+01    0.54957E+08
    0.64861E+01    0.52174E+08
    0.66171E+01    0.49531E+08
    0.67508E+01    0.47021E+08
    0.68872E+01    0.44636E+08
    0.70263E+01    0.42371E+08
    0.71682E+01    0.40220E+08
    0.73130E+01    0.38176E+08
    0.74608E+01    0.36236E+08
    0.76115E+01    0.34393E+08
    0.77653E+01    0.32643E+08
    0.79221E+01    0.30981E+08
    0.80822E+01    0.29403E+08
    0.82454E+01    0.27904E+08
    0.84120E+01    0.26481E+08
    0.85819E+01    0.25130E+08
    0.87553E+01    0.23848E+08
    0.89322E+01    0.22630E+08
    0.91126E+01    0.21473E+08
    0.92967E+01    0.20375E+08
    0.94845E+01    0.19333E+08
    0.96761E+01    0.18344E+08
    0.98716E+01    0.17404E+08
    0.10071E+02    0.16513E+08
    0.10274E+02    0.15666E+08
    0.10482E+02    0.14863E+08
    0.10694E+02    0.14101E+08
    0.10910E+02    0.13377E+08
    0.11130E+02    0.12690E+08
    0.11355E+02    0.12038E+08
    0.11584E+02    0.11419E+08
    0.11818E+02    0.10832E+08
    0.12057E+02    0.10275E+08
    0.12301E+02    0.97457E+07
    0.12549E+02    0.92438E+07
    0.12803E+02    0.87675E+07
    0.13061E+02    0.83156E+07
    0.13325E+02    0.78868E+07
    0.13594E+02    0.74799E+07
    0.13869E+02    0.70938E+07
    0.14149E+02    0.67275E+07
    0.14435E+02    0.63800E+07
    0.14727E+02    0.60502E+07
    0.15024E+02    0.57373E+07
    0.15328E+02    0.54405E+07
    0.15637E+02    0.51590E+07
    0.15953E+02    0.48919E+07
    0.16275E+02    0.46385E+07
    0.16604E+02    0.43982E+07
    0.16940E+02    0.41702E+07
    0.17282E+02    0.39539E+07
    0.17631E+02    0.37487E+07
    0.17987E+02    0.35541E+07
    0.18351E+02    0.33696E+07
    0.18721E+02    0.31945E+07
    0.19099E+02    0.30285E+07
    0.19485E+02    0.28710E+07
    0.19879E+02    0.27217E+07
    0.20280E+02    0.25801E+07
    0.20690E+02    0.24457E+07
